1 0.18509615384615385 0.47596153846153844 0.08653846153846154 0.14182692307692307
1 0.06490384615384616 0.4362980769230769 0.1201923076923077 0.18269230769230768
1 0.484375 0.46634615384615385 0.0673076923076923 0.11298076923076923
1 0.9338942307692307 0.3581730769230769 0.12980769230769232 0.22596153846153846
1 0.25961538461538464 0.4879807692307692 0.0673076923076923 0.11298076923076923
1 0.3449519230769231 0.4651442307692308 0.07451923076923077 0.10096153846153846
1 0.8269230769230769 0.4495192307692308 0.0673076923076923 0.12259615384615384
1 0.6802884615384616 0.42908653846153844 0.0673076923076923 0.10096153846153846
1 0.7692307692307693 0.41466346153846156 0.0625 0.11298076923076923
1 0.5949519230769231 0.4423076923076923 0.057692307692307696 0.10336538461538461
1 0.8870192307692307 0.421875 0.0673076923076923 0.14903846153846154