1 0.5600961538461539 0.5793269230769231 0.057692307692307696 0.09615384615384616
1 0.1141826923076923 0.6274038461538461 0.04567307692307692 0.06971153846153846
1 0.03125 0.5973557692307693 0.040865384615384616 0.052884615384615384
1 0.0625 0.6262019230769231 0.040865384615384616 0.06971153846153846
1 0.21153846153846154 0.6129807692307693 0.036057692307692304 0.0673076923076923
1 0.26322115384615385 0.5973557692307693 0.038461538461538464 0.06971153846153846
1 0.30288461538461536 0.625 0.052884615384615384 0.08413461538461539
1 0.38822115384615385 0.5853365384615384 0.052884615384615384 0.08173076923076923
1 0.5168269230769231 0.6033653846153846 0.040865384615384616 0.07451923076923077
1 0.4891826923076923 0.5877403846153846 0.036057692307692304 0.0673076923076923
1 0.6358173076923077 0.5757211538461539 0.040865384615384616 0.0673076923076923
1 0.6778846153846154 0.5733173076923077 0.038461538461538464 0.07451923076923077
1 0.7211538461538461 0.5913461538461539 0.04807692307692308 0.07692307692307693
0 0.9495192307692307 0.6310096153846154 0.07932692307692307 0.10096153846153846
1 0.8052884615384616 0.5625 0.055288461538461536 0.07932692307692307
1 0.9074519230769231 0.5504807692307693 0.038461538461538464 0.0673076923076923
1 0.9759615384615384 0.5564903846153846 0.04807692307692308 0.08413461538461539