1 0.42908653846153844 0.5673076923076923 0.06490384615384616 0.10096153846153846
1 0.8725961538461539 0.6538461538461539 0.052884615384615384 0.07451923076923077
1 0.9591346153846154 0.6310096153846154 0.04567307692307692 0.057692307692307696
1 0.9242788461538461 0.65625 0.04807692307692308 0.07451923076923077
1 0.7764423076923077 0.6310096153846154 0.040865384615384616 0.06971153846153846
1 0.7259615384615384 0.6105769230769231 0.04567307692307692 0.07451923076923077
1 0.6826923076923077 0.6346153846153846 0.06009615384615385 0.09134615384615384
1 0.6009615384615384 0.5877403846153846 0.06009615384615385 0.08653846153846154
1 0.4699519230769231 0.5949519230769231 0.04807692307692308 0.07692307692307693
1 0.5 0.5817307692307693 0.040865384615384616 0.06971153846153846
1 0.35096153846153844 0.5564903846153846 0.04807692307692308 0.06971153846153846
1 0.31009615384615385 0.5504807692307693 0.04567307692307692 0.07692307692307693
1 0.265625 0.5637019230769231 0.052884615384615384 0.08173076923076923
0 0.037259615384615384 0.5829326923076923 0.07451923076923077 0.10817307692307693
1 0.18269230769230768 0.5276442307692307 0.0625 0.08413461538461539
1 0.08173076923076923 0.5084134615384616 0.04567307692307692 0.06971153846153846
1 0.019230769230769232 0.5060096153846154 0.038461538461538464 0.0889423076923077