1 0.016826923076923076 0.38461538461538464 0.03365384615384615 0.1778846153846154
0 0.5012019230769231 0.4675480769230769 0.09134615384615384 0.15384615384615385
0 0.3545673076923077 0.49158653846153844 0.08413461538461539 0.15384615384615385
0 0.6490384615384616 0.5012019230769231 0.0889423076923077 0.17548076923076922
0 0.7079326923076923 0.5252403846153846 0.0625 0.1346153846153846
0 0.5348557692307693 0.3713942307692308 0.0625 0.10817307692307693
0 0.4254807692307692 0.36778846153846156 0.0625 0.11298076923076923
0 0.9471153846153846 0.390625 0.052884615384615384 0.10336538461538461
0 0.8076923076923077 0.37740384615384615 0.057692307692307696 0.10817307692307693
0 0.7896634615384616 0.3161057692307692 0.05048076923076923 0.09375
0 0.34134615384615385 0.4098557692307692 0.07211538461538461 0.10336538461538461
0 0.8497596153846154 0.41225961538461536 0.04807692307692308 0.10817307692307693
0 0.8521634615384616 0.33052884615384615 0.05048076923076923 0.08413461538461539
0 0.4579326923076923 0.4338942307692308 0.05048076923076923 0.10576923076923077
0 0.921875 0.36177884615384615 0.038461538461538464 0.08413461538461539
0 0.984375 0.33774038461538464 0.02403846153846154 0.0889423076923077