1 0.9795673076923077 0.3954326923076923 0.040865384615384616 0.18509615384615385
0 0.47836538461538464 0.4543269230769231 0.10096153846153846 0.16105769230769232
0 0.6286057692307693 0.48677884615384615 0.09375 0.16105769230769232
0 0.3233173076923077 0.4807692307692308 0.10096153846153846 0.18269230769230768
0 0.2620192307692308 0.5036057692307693 0.07211538461538461 0.14182692307692307
0 0.4483173076923077 0.3545673076923077 0.06971153846153846 0.11538461538461539
0 0.5625 0.3557692307692308 0.07211538461538461 0.1201923076923077
0 0.028846153846153848 0.35216346153846156 0.04567307692307692 0.10817307692307693
0 0.16706730769230768 0.3449519230769231 0.0625 0.11538461538461539
0 0.18870192307692307 0.2824519230769231 0.055288461538461536 0.0985576923076923
0 0.6454326923076923 0.4026442307692308 0.07932692307692307 0.11057692307692307
0 0.12259615384615384 0.3798076923076923 0.055288461538461536 0.11298076923076923
0 0.12259615384615384 0.29447115384615385 0.055288461538461536 0.0889423076923077
0 0.5252403846153846 0.4230769230769231 0.057692307692307696 0.11298076923076923
0 0.04927884615384615 0.32211538461538464 0.04567307692307692 0.0889423076923077