1 0.06610576923076923 0.40625 0.038461538461538464 0.09134615384615384
1 0.2247596153846154 0.3942307692307692 0.08173076923076923 0.17307692307692307
1 0.34375 0.390625 0.08653846153846154 0.17067307692307693
0 0.46153846153846156 0.39783653846153844 0.06009615384615385 0.12980769230769232
0 0.1346153846153846 0.37259615384615385 0.055288461538461536 0.11298076923076923
0 0.018028846153846152 0.3786057692307692 0.036057692307692304 0.12740384615384615
0 0.8449519230769231 0.4831730769230769 0.04807692307692308 0.11298076923076923
0 0.7127403846153846 0.41947115384615385 0.06490384615384616 0.1201923076923077
0 0.6430288461538461 0.45913461538461536 0.04326923076923077 0.0985576923076923
0 0.5913461538461539 0.4519230769230769 0.06971153846153846 0.12259615384615384
0 0.5528846153846154 0.48677884615384615 0.040865384615384616 0.11538461538461539
0 0.5012019230769231 0.4795673076923077 0.04567307692307692 0.10576923076923077