1 0.8185096153846154 0.453125 0.07932692307692307 0.1346153846153846
1 0.9278846153846154 0.40384615384615385 0.11057692307692307 0.17307692307692307
1 0.5300480769230769 0.4735576923076923 0.0625 0.10576923076923077
1 0.07451923076923077 0.41466346153846156 0.14423076923076922 0.21394230769230768
1 0.7475961538461539 0.47115384615384615 0.0625 0.10576923076923077
1 0.6646634615384616 0.4579326923076923 0.0673076923076923 0.09615384615384616
1 0.20072115384615385 0.49158653846153844 0.0625 0.11538461538461539
1 0.3389423076923077 0.45913461538461536 0.0625 0.09615384615384616
1 0.25240384615384615 0.453125 0.057692307692307696 0.10576923076923077
1 0.421875 0.46153846153846156 0.05048076923076923 0.0985576923076923
1 0.13942307692307693 0.47115384615384615 0.06009615384615385 0.14182692307692307