1 0.028846153846153848 0.4266826923076923 0.057692307692307696 0.11298076923076923
0 0.9639423076923077 0.4362980769230769 0.07211538461538461 0.16105769230769232
0 0.22235576923076922 0.4338942307692308 0.06971153846153846 0.10336538461538461
0 0.5552884615384616 0.38461538461538464 0.055288461538461536 0.0985576923076923
0 0.4735576923076923 0.3870192307692308 0.0625 0.07932692307692307
0 0.31971153846153844 0.3894230769230769 0.055288461538461536 0.0985576923076923
0 0.14182692307692307 0.3918269230769231 0.052884615384615384 0.07692307692307693
1 0.25721153846153844 0.3605769230769231 0.04567307692307692 0.07211538461538461
0 0.2536057692307692 0.3954326923076923 0.040865384615384616 0.06490384615384616
0 0.3942307692307692 0.3762019230769231 0.04326923076923077 0.07692307692307693
0 0.44711538461538464 0.3641826923076923 0.04326923076923077 0.08173076923076923
0 0.6274038461538461 0.3545673076923077 0.052884615384615384 0.07932692307692307
0 0.5144230769230769 0.3473557692307692 0.038461538461538464 0.057692307692307696