1 0.2860576923076923 0.34375 0.21634615384615385 0.2283653846153846
1 0.05048076923076923 0.35216346153846156 0.10096153846153846 0.22355769230769232
1 0.7235576923076923 0.296875 0.22596153846153846 0.23317307692307693
1 0.47836538461538464 0.27283653846153844 0.21875 0.19951923076923078
1 0.19831730769230768 0.24759615384615385 0.1875 0.20192307692307693
1 0.6009615384615384 0.1875 0.1778846153846154 0.17067307692307693
1 0.8461538461538461 0.19951923076923078 0.19230769230769232 0.23317307692307693
1 0.109375 0.25 0.14903846153846154 0.16826923076923078
1 0.03365384615384615 0.20072115384615385 0.0673076923076923 0.12740384615384615
1 0.4326923076923077 0.140625 0.15384615384615385 0.14182692307692307
1 0.9375 0.18509615384615385 0.0889423076923077 0.18028846153846154
1 0.23918269230769232 0.16706730769230768 0.1466346153846154 0.12740384615384615
1 0.7596153846153846 0.030048076923076924 0.11538461538461539 0.06009615384615385
1 0.8689903846153846 0.05889423076923077 0.13221153846153846 0.11778846153846154
1 0.36538461538461536 0.07211538461538461 0.11298076923076923 0.11538461538461539
1 0.30408653846153844 0.13341346153846154 0.11778846153846154 0.12980769230769232