1 0.71875 0.3112980769230769 0.18990384615384615 0.20192307692307693
1 0.9483173076923077 0.2956730769230769 0.0985576923076923 0.20432692307692307
1 0.3076923076923077 0.3112980769230769 0.19951923076923078 0.20432692307692307
1 0.5336538461538461 0.26322115384615385 0.19230769230769232 0.17307692307692307
1 0.7920673076923077 0.21394230769230768 0.16346153846153846 0.1778846153846154
1 0.41225961538461536 0.19591346153846154 0.15625 0.14903846153846154
1 0.18509615384615385 0.23197115384615385 0.1658653846153846 0.2091346153846154
1 0.875 0.20673076923076922 0.12980769230769232 0.14903846153846154
1 0.953125 0.15144230769230768 0.08413461538461539 0.11538461538461539
1 0.5637019230769231 0.13581730769230768 0.1346153846153846 0.12259615384615384
1 0.08413461538461539 0.2283653846153846 0.10336538461538461 0.16346153846153846
1 0.7451923076923077 0.14182692307692307 0.13221153846153846 0.11057692307692307
1 0.24759615384615385 0.052884615384615384 0.10336538461538461 0.07692307692307693
1 0.14903846153846154 0.10216346153846154 0.11538461538461539 0.10817307692307693
1 0.036057692307692304 0.1971153846153846 0.07211538461538461 0.16826923076923078
1 0.6189903846153846 0.0673076923076923 0.0985576923076923 0.10096153846153846
1 0.6814903846153846 0.11778846153846154 0.10096153846153846 0.11538461538461539