1 0.8485576923076923 0.28846153846153844 0.09375 0.13942307692307693
1 0.6274038461538461 0.40865384615384615 0.125 0.16826923076923078
1 0.7151442307692307 0.5516826923076923 0.1875 0.24759615384615385
0 0.1502403846153846 0.08774038461538461 0.11298076923076923 0.17548076923076922
0 0.2956730769230769 0.1502403846153846 0.07211538461538461 0.125
0 0.5697115384615384 0.23317307692307693 0.08413461538461539 0.1201923076923077
1 0.3954326923076923 0.20432692307692307 0.052884615384615384 0.09375
1 0.45913461538461536 0.23918269230769232 0.052884615384615384 0.09375
1 0.49399038461538464 0.24759615384615385 0.04326923076923077 0.07692307692307693
1 0.5408653846153846 0.2512019230769231 0.04807692307692308 0.10096153846153846
0 0.3233173076923077 0.20192307692307693 0.0625 0.08173076923076923
0 0.054086538461538464 0.15985576923076922 0.05048076923076923 0.09134615384615384