0 0.9723557692307693 0.4230769230769231 0.055288461538461536 0.1466346153846154
0 0.2980769230769231 0.4050480769230769 0.06971153846153846 0.1201923076923077
0 0.8713942307692307 0.4206730769230769 0.08173076923076923 0.12980769230769232
0 0.6189903846153846 0.40384615384615385 0.0625 0.0985576923076923
1 0.34615384615384615 0.41225961538461536 0.038461538461538464 0.09375
1 0.4254807692307692 0.4266826923076923 0.036057692307692304 0.0673076923076923
1 0.5685096153846154 0.43509615384615385 0.036057692307692304 0.0673076923076923
0 0.47836538461538464 0.44711538461538464 0.038461538461538464 0.06971153846153846
0 0.3858173076923077 0.45072115384615385 0.040865384615384616 0.07451923076923077
0 0.6838942307692307 0.44471153846153844 0.06009615384615385 0.10817307692307693
0 0.7247596153846154 0.4206730769230769 0.03365384615384615 0.06971153846153846
0 0.7980769230769231 0.4326923076923077 0.04807692307692308 0.07451923076923077