1 0.9747596153846154 0.4338942307692308 0.05048076923076923 0.11298076923076923
0 0.028846153846153848 0.45913461538461536 0.057692307692307696 0.16346153846153846
0 0.7824519230769231 0.44350961538461536 0.06971153846153846 0.10576923076923077
0 0.43990384615384615 0.39903846153846156 0.055288461538461536 0.10096153846153846
0 0.5240384615384616 0.4014423076923077 0.0625 0.07932692307692307
0 0.6814903846153846 0.4014423076923077 0.055288461538461536 0.10096153846153846
0 0.8641826923076923 0.39903846153846156 0.052884615384615384 0.07932692307692307
1 0.7439903846153846 0.36899038461538464 0.04567307692307692 0.07211538461538461
0 0.7475961538461539 0.40625 0.040865384615384616 0.06490384615384616
0 0.6045673076923077 0.3870192307692308 0.04326923076923077 0.07692307692307693
0 0.5504807692307693 0.3762019230769231 0.04326923076923077 0.08413461538461539
0 0.36538461538461536 0.3713942307692308 0.052884615384615384 0.08173076923076923
0 0.48197115384615385 0.3605769230769231 0.036057692307692304 0.057692307692307696