1 0.7764423076923077 0.22235576923076922 0.09375 0.1346153846153846
1 0.609375 0.3870192307692308 0.125 0.16105769230769232
1 0.7259615384615384 0.49158653846153844 0.18990384615384615 0.2403846153846154
0 0.09975961538461539 0.22115384615384615 0.11298076923076923 0.16826923076923078
0 0.24519230769230768 0.23918269230769232 0.07451923076923077 0.11778846153846154
0 0.5120192307692307 0.24519230769230768 0.08653846153846154 0.11538461538461539
1 0.3485576923076923 0.26322115384615385 0.052884615384615384 0.0889423076923077
1 0.41586538461538464 0.2776442307692308 0.055288461538461536 0.09134615384615384
1 0.4483173076923077 0.2776442307692308 0.04326923076923077 0.07211538461538461
1 0.49158653846153844 0.26802884615384615 0.05048076923076923 0.09615384615384616
0 0.28365384615384615 0.28125 0.0625 0.07932692307692307
0 0.03125 0.3112980769230769 0.052884615384615384 0.08653846153846154