0 0.052884615384615384 0.4338942307692308 0.10576923076923077 0.14182692307692307
0 0.7175480769230769 0.3701923076923077 0.0673076923076923 0.11538461538461539
0 0.17668269230769232 0.4230769230769231 0.07692307692307693 0.12259615384615384
0 0.41346153846153844 0.390625 0.06009615384615385 0.09375
0 0.014423076923076924 0.3629807692307692 0.028846153846153848 0.14423076923076922
1 0.671875 0.38100961538461536 0.036057692307692304 0.0889423076923077
1 0.5985576923076923 0.39903846153846156 0.036057692307692304 0.0625
1 0.4639423076923077 0.41586538461538464 0.036057692307692304 0.0625
0 0.5504807692307693 0.421875 0.036057692307692304 0.0673076923076923
0 0.6382211538461539 0.41947115384615385 0.038461538461538464 0.07211538461538461
0 0.3545673076923077 0.4326923076923077 0.055288461538461536 0.10336538461538461
0 0.31490384615384615 0.41346153846153844 0.03125 0.0673076923076923
0 0.24519230769230768 0.43028846153846156 0.04807692307692308 0.07211538461538461