1 0.2776442307692308 0.32091346153846156 0.18990384615384615 0.20192307692307693
1 0.04927884615384615 0.3137019230769231 0.0985576923076923 0.20432692307692307
1 0.6923076923076923 0.30528846153846156 0.19951923076923078 0.20432692307692307
1 0.4651442307692308 0.265625 0.19471153846153846 0.17307692307692307
1 0.203125 0.2247596153846154 0.16346153846153846 0.18028846153846154
1 0.5841346153846154 0.19471153846153846 0.15865384615384615 0.14903846153846154
1 0.8137019230769231 0.22115384615384615 0.1658653846153846 0.2091346153846154
1 0.11899038461538461 0.21995192307692307 0.12980769230769232 0.14903846153846154
1 0.039663461538461536 0.16826923076923078 0.07932692307692307 0.11538461538461539
1 0.43028846153846156 0.13942307692307693 0.1346153846153846 0.125
1 0.9146634615384616 0.21394230769230768 0.10336538461538461 0.1658653846153846
1 0.24759615384615385 0.15144230769230768 0.13221153846153846 0.11057692307692307
1 0.7427884615384616 0.04326923076923077 0.10576923076923077 0.07692307692307693
1 0.84375 0.09014423076923077 0.11778846153846154 0.10817307692307693
1 0.9603365384615384 0.18269230769230768 0.06971153846153846 0.1658653846153846
1 0.3713942307692308 0.07211538461538461 0.0985576923076923 0.10096153846153846
1 0.31009615384615385 0.12620192307692307 0.10096153846153846 0.11538461538461539