0 0.9711538461538461 0.47115384615384615 0.057692307692307696 0.14903846153846154
0 0.3016826923076923 0.39302884615384615 0.07211538461538461 0.12259615384615384
0 0.8713942307692307 0.45913461538461536 0.08413461538461539 0.12980769230769232
0 0.6225961538461539 0.421875 0.06490384615384616 0.0985576923076923
1 0.35096153846153844 0.4050480769230769 0.038461538461538464 0.09375
1 0.4266826923076923 0.4266826923076923 0.038461538461538464 0.0673076923076923
1 0.5685096153846154 0.44711538461538464 0.038461538461538464 0.0673076923076923
0 0.47836538461538464 0.45072115384615385 0.038461538461538464 0.07211538461538461
0 0.38461538461538464 0.44711538461538464 0.040865384615384616 0.07451923076923077
0 0.6838942307692307 0.46634615384615385 0.06009615384615385 0.10817307692307693
0 0.7259615384615384 0.44711538461538464 0.03365384615384615 0.07211538461538461
0 0.7980769230769231 0.46634615384615385 0.05048076923076923 0.07451923076923077