1 0.3701923076923077 0.4230769230769231 0.07211538461538461 0.11298076923076923
1 0.49158653846153844 0.40024038461538464 0.0673076923076923 0.11778846153846154
1 0.22596153846153846 0.4951923076923077 0.0673076923076923 0.11778846153846154
1 0.9459134615384616 0.39663461538461536 0.0625 0.11778846153846154
0 0.8389423076923077 0.39903846153846156 0.06971153846153846 0.10576923076923077
0 0.14182692307692307 0.5060096153846154 0.06971153846153846 0.11538461538461539
0 0.6502403846153846 0.39903846153846156 0.057692307692307696 0.09615384615384616
1 0.3076923076923077 0.4579326923076923 0.05048076923076923 0.09134615384615384
0 0.5300480769230769 0.421875 0.04807692307692308 0.0889423076923077
0 0.734375 0.4182692307692308 0.04567307692307692 0.06971153846153846
0 0.4495192307692308 0.44350961538461536 0.040865384615384616 0.07211538461538461
0 0.6057692307692307 0.41346153846153844 0.04807692307692308 0.0673076923076923