1 0.3894230769230769 0.39302884615384615 0.07932692307692307 0.11778846153846154
1 0.515625 0.40865384615384615 0.07211538461538461 0.12259615384615384
1 0.22716346153846154 0.41586538461538464 0.07211538461538461 0.12259615384615384
1 0.9603365384615384 0.5492788461538461 0.0673076923076923 0.1201923076923077
0 0.8545673076923077 0.5168269230769231 0.07451923076923077 0.11057692307692307
0 0.140625 0.40024038461538464 0.07451923076923077 0.1201923076923077
0 0.6694711538461539 0.4567307692307692 0.06009615384615385 0.0985576923076923
1 0.3173076923076923 0.40625 0.055288461538461536 0.09375
0 0.546875 0.4423076923076923 0.052884615384615384 0.09134615384615384
0 0.7475961538461539 0.5036057692307693 0.04807692307692308 0.07211538461538461
0 0.46033653846153844 0.4387019230769231 0.04326923076923077 0.07451923076923077
0 0.6225961538461539 0.4567307692307692 0.052884615384615384 0.06971153846153846