0 0.8413461538461539 0.5252403846153846 0.0625 0.10096153846153846
0 0.5120192307692307 0.5120192307692307 0.05048076923076923 0.08653846153846154
0 0.030048076923076924 0.515625 0.040865384615384616 0.06971153846153846
0 0.7283653846153846 0.5444711538461539 0.03125 0.0625
0 0.6899038461538461 0.5396634615384616 0.03125 0.057692307692307696
0 0.6346153846153846 0.5420673076923077 0.03365384615384615 0.057692307692307696
0 0.609375 0.5348557692307693 0.02403846153846154 0.057692307692307696
0 0.5504807692307693 0.5288461538461539 0.036057692307692304 0.06971153846153846
0 0.4182692307692308 0.5444711538461539 0.04567307692307692 0.07211538461538461
0 0.19230769230769232 0.53125 0.04326923076923077 0.07211538461538461
0 0.07211538461538461 0.5288461538461539 0.038461538461538464 0.057692307692307696
0 0.14423076923076922 0.5348557692307693 0.038461538461538464 0.0625
0 0.2512019230769231 0.5108173076923077 0.036057692307692304 0.06490384615384616
0 0.3605769230769231 0.5540865384615384 0.03365384615384615 0.06490384615384616
0 0.33413461538461536 0.5456730769230769 0.028846153846153848 0.06971153846153846
0 0.953125 0.5492788461538461 0.03365384615384615 0.0625
0 0.984375 0.5552884615384616 0.03125 0.06971153846153846
0 0.8040865384615384 0.5360576923076923 0.028846153846153848 0.06971153846153846