0 0.12980769230769232 0.5805288461538461 0.07451923076923077 0.11057692307692307
0 0.4735576923076923 0.5360576923076923 0.06009615384615385 0.09375
0 0.9771634615384616 0.4951923076923077 0.04567307692307692 0.07692307692307693
0 0.25 0.5913461538461539 0.038461538461538464 0.0673076923076923
0 0.28966346153846156 0.5817307692307693 0.038461538461538464 0.06490384615384616
0 0.3473557692307692 0.5793269230769231 0.04326923076923077 0.06490384615384616
0 0.3737980769230769 0.5685096153846154 0.03125 0.0625
0 0.4362980769230769 0.5576923076923077 0.04567307692307692 0.07692307692307693
0 0.5757211538461539 0.5625 0.052884615384615384 0.07932692307692307
0 0.8125 0.5264423076923077 0.05048076923076923 0.07932692307692307
0 0.9375 0.5132211538461539 0.04807692307692308 0.06490384615384616
0 0.8617788461538461 0.5276442307692307 0.04807692307692308 0.06971153846153846
0 0.7475961538461539 0.5120192307692307 0.04567307692307692 0.07211538461538461
0 0.6358173076923077 0.5661057692307693 0.04326923076923077 0.07211538461538461
0 0.6634615384615384 0.5552884615384616 0.036057692307692304 0.07451923076923077
0 0.020432692307692308 0.6153846153846154 0.028846153846153848 0.0673076923076923
0 0.17067307692307693 0.5889423076923077 0.036057692307692304 0.07451923076923077