0 0.16947115384615385 0.4579326923076923 0.07692307692307693 0.10576923076923077
0 0.4891826923076923 0.5072115384615384 0.06009615384615385 0.09134615384615384
0 0.953125 0.6009615384615384 0.052884615384615384 0.07451923076923077
0 0.27283653846153844 0.49759615384615385 0.038461538461538464 0.06490384615384616
0 0.3125 0.5 0.038461538461538464 0.06009615384615385
0 0.36538461538461536 0.5120192307692307 0.04326923076923077 0.0625
0 0.390625 0.5096153846153846 0.03125 0.06009615384615385
0 0.4495192307692308 0.515625 0.04807692307692308 0.07211538461538461
0 0.5733173076923077 0.5552884615384616 0.052884615384615384 0.07692307692307693
0 0.7944711538461539 0.5853365384615384 0.052884615384615384 0.07692307692307693
0 0.9110576923076923 0.6057692307692307 0.04807692307692308 0.0625
0 0.8389423076923077 0.5973557692307693 0.04807692307692308 0.06490384615384616
0 0.7403846153846154 0.5540865384615384 0.04567307692307692 0.06971153846153846
0 0.6274038461538461 0.5745192307692307 0.04326923076923077 0.06971153846153846
0 0.6538461538461539 0.5709134615384616 0.038461538461538464 0.06971153846153846
0 0.056490384615384616 0.45913461538461536 0.040865384615384616 0.06490384615384616
0 0.02283653846153846 0.45913461538461536 0.04567307692307692 0.07211538461538461
0 0.20432692307692307 0.47475961538461536 0.038461538461538464 0.06971153846153846