1 0.7524038461538461 0.3317307692307692 0.08173076923076923 0.1466346153846154
0 0.3894230769230769 0.3581730769230769 0.07451923076923077 0.12980769230769232
0 0.0889423076923077 0.3473557692307692 0.07451923076923077 0.13701923076923078
0 0.17307692307692307 0.34615384615384615 0.10096153846153846 0.16105769230769232
0 0.45552884615384615 0.41586538461538464 0.06971153846153846 0.11057692307692307
0 0.8173076923076923 0.3713942307692308 0.057692307692307696 0.0985576923076923
0 0.6983173076923077 0.39663461538461536 0.05048076923076923 0.09615384615384616
0 0.6370192307692307 0.40865384615384615 0.038461538461538464 0.0673076923076923
0 0.5925480769230769 0.43028846153846156 0.03365384615384615 0.0673076923076923
0 0.5528846153846154 0.41346153846153844 0.038461538461538464 0.0625
0 0.28846153846153844 0.40865384615384615 0.04567307692307692 0.08413461538461539