1 0.7091346153846154 0.28725961538461536 0.09134615384615384 0.14903846153846154
0 0.359375 0.36778846153846156 0.08413461538461539 0.1346153846153846
0 0.06490384615384616 0.4050480769230769 0.08413461538461539 0.13942307692307693
0 0.1466346153846154 0.390625 0.11298076923076923 0.1658653846153846
0 0.4326923076923077 0.41346153846153844 0.07692307692307693 0.11298076923076923
0 0.7788461538461539 0.31490384615384615 0.06490384615384616 0.10096153846153846
0 0.6658653846153846 0.3581730769230769 0.057692307692307696 0.0985576923076923
0 0.6081730769230769 0.3798076923076923 0.04326923076923077 0.06971153846153846
0 0.5685096153846154 0.4074519230769231 0.040865384615384616 0.0673076923076923
0 0.5264423076923077 0.39903846153846156 0.04326923076923077 0.0625
0 0.26802884615384615 0.4326923076923077 0.052884615384615384 0.08653846153846154