1 0.6862980769230769 0.4483173076923077 0.07932692307692307 0.12980769230769232
1 0.8425480769230769 0.5228365384615384 0.07211538461538461 0.11778846153846154
1 0.06129807692307692 0.4170673076923077 0.06490384615384616 0.11538461538461539
1 0.5588942307692307 0.421875 0.06971153846153846 0.125
0 0.1814903846153846 0.4206730769230769 0.07692307692307693 0.11538461538461539
0 0.9350961538461539 0.5408653846153846 0.07211538461538461 0.1201923076923077
0 0.38221153846153844 0.4182692307692308 0.0673076923076923 0.11057692307692307
1 0.7548076923076923 0.48677884615384615 0.057692307692307696 0.11057692307692307
0 0.5997596153846154 0.4651442307692308 0.04567307692307692 0.07451923076923077
0 0.6322115384615384 0.4723557692307692 0.038461538461538464 0.0673076923076923
0 0.5108173076923077 0.4411057692307692 0.052884615384615384 0.0985576923076923
0 0.4254807692307692 0.4423076923076923 0.055288461538461536 0.08653846153846154
0 0.47716346153846156 0.453125 0.04326923076923077 0.07211538461538461
0 0.29086538461538464 0.4362980769230769 0.04567307692307692 0.07692307692307693
0 0.31009615384615385 0.43990384615384615 0.040865384615384616 0.06490384615384616
0 0.26802884615384615 0.4254807692307692 0.036057692307692304 0.0625