1 0.9170673076923077 0.9375 0.0985576923076923 0.125
1 0.6418269230769231 0.7199519230769231 0.0673076923076923 0.10817307692307693
1 0.9603365384615384 0.8725961538461539 0.038461538461538464 0.12740384615384615
1 0.53125 0.6658653846153846 0.052884615384615384 0.09134615384615384
1 0.08653846153846154 0.7307692307692307 0.05048076923076923 0.09375
1 0.18509615384615385 0.7427884615384616 0.05048076923076923 0.07932692307692307
1 0.23557692307692307 0.01201923076923077 0.038461538461538464 0.02403846153846154
1 0.28966346153846156 0.2512019230769231 0.040865384615384616 0.057692307692307696
1 0.4014423076923077 0.6682692307692307 0.04807692307692308 0.06971153846153846
1 0.5769230769230769 0.828125 0.06490384615384616 0.11538461538461539
1 0.4675480769230769 0.8088942307692307 0.06009615384615385 0.10576923076923077
1 0.4098557692307692 0.8149038461538461 0.06009615384615385 0.10336538461538461
1 0.4026442307692308 0.7728365384615384 0.055288461538461536 0.09375
1 0.31971153846153844 0.7463942307692307 0.04326923076923077 0.07211538461538461
1 0.5 0.5492788461538461 0.04807692307692308 0.055288461538461536
1 0.46153846153846156 0.5060096153846154 0.036057692307692304 0.0625
1 0.3798076923076923 0.5168269230769231 0.04567307692307692 0.07211538461538461
1 0.4375 0.40384615384615385 0.036057692307692304 0.07211538461538461
1 0.3918269230769231 0.43028846153846156 0.03365384615384615 0.057692307692307696
0 0.78125 0.8485576923076923 0.0673076923076923 0.07692307692307693