1 0.9627403846153846 0.4543269230769231 0.03125 0.04326923076923077
0 0.8293269230769231 0.4230769230769231 0.09375 0.15384615384615385
0 0.8918269230769231 0.4362980769230769 0.03365384615384615 0.06009615384615385
0 0.6177884615384616 0.40625 0.057692307692307696 0.0889423076923077
0 0.5552884615384616 0.40024038461538464 0.057692307692307696 0.09134615384615384
0 0.48197115384615385 0.40865384615384615 0.040865384615384616 0.07211538461538461
0 0.44471153846153844 0.4206730769230769 0.036057692307692304 0.06490384615384616
0 0.38341346153846156 0.40865384615384615 0.028846153846153848 0.05048076923076923
0 0.3161057692307692 0.41346153846153844 0.04326923076923077 0.06971153846153846
0 0.24639423076923078 0.4026442307692308 0.040865384615384616 0.06971153846153846
0 0.1778846153846154 0.38822115384615385 0.040865384615384616 0.0625
0 0.13341346153846154 0.390625 0.026442307692307692 0.06009615384615385
0 0.0829326923076923 0.3786057692307692 0.04326923076923077 0.07211538461538461
0 0.02283653846153846 0.3798076923076923 0.02403846153846154 0.05048076923076923