1 0.7560096153846154 0.4699519230769231 0.18990384615384615 0.24519230769230768
1 0.33653846153846156 0.8521634615384616 0.21153846153846154 0.28125
1 0.27403846153846156 0.3605769230769231 0.19471153846153846 0.25721153846153844
1 0.18028846153846154 0.140625 0.19230769230769232 0.28125
1 0.34615384615384615 0.6021634615384616 0.1778846153846154 0.24278846153846154
1 0.06610576923076923 0.30528846153846156 0.12259615384615384 0.27163461538461536
1 0.33774038461538464 0.2127403846153846 0.16105769230769232 0.23798076923076922
1 0.6838942307692307 0.7572115384615384 0.20432692307692307 0.25240384615384615
1 0.04567307692307692 0.671875 0.09134615384615384 0.30528846153846156
0 0.5625 0.4891826923076923 0.16346153846153846 0.21153846153846154
0 0.1935096153846154 0.7175480769230769 0.17307692307692307 0.25961538461538464