1 0.109375 0.9423076923076923 0.0985576923076923 0.11538461538461539
1 0.36658653846153844 0.7259615384615384 0.06971153846153846 0.10576923076923077
1 0.057692307692307696 0.8846153846153846 0.052884615384615384 0.125
1 0.47115384615384615 0.6706730769230769 0.055288461538461536 0.0889423076923077
1 0.9951923076923077 0.7367788461538461 0.009615384615384616 0.09375
1 0.9014423076923077 0.71875 0.05048076923076923 0.09134615384615384
1 0.8064903846153846 0.7319711538461539 0.052884615384615384 0.07692307692307693
1 0.7283653846153846 0.021634615384615384 0.038461538461538464 0.04326923076923077
1 0.6887019230769231 0.26322115384615385 0.040865384615384616 0.057692307692307696
1 0.5961538461538461 0.6670673076923077 0.04807692307692308 0.0673076923076923
1 0.43149038461538464 0.828125 0.06490384615384616 0.11057692307692307
1 0.5360576923076923 0.8052884615384616 0.0625 0.10576923076923077
1 0.5913461538461539 0.8100961538461539 0.06009615384615385 0.10096153846153846
1 0.5985576923076923 0.7692307692307693 0.055288461538461536 0.09134615384615384
1 0.6766826923076923 0.7403846153846154 0.04567307692307692 0.06971153846153846
1 0.4963942307692308 0.5576923076923077 0.04807692307692308 0.055288461538461536
1 0.5324519230769231 0.5132211538461539 0.036057692307692304 0.06009615384615385
1 0.6117788461538461 0.5216346153846154 0.04807692307692308 0.06971153846153846
1 0.5504807692307693 0.41466346153846156 0.036057692307692304 0.06971153846153846
1 0.5973557692307693 0.4375 0.03365384615384615 0.057692307692307696
0 0.23557692307692307 0.8557692307692307 0.0673076923076923 0.07451923076923077