1 0.640625 0.3762019230769231 0.06971153846153846 0.12259615384615384
1 0.7992788461538461 0.43509615384615385 0.0625 0.11057692307692307
1 0.027644230769230768 0.39783653846153844 0.05048076923076923 0.11057692307692307
1 0.5120192307692307 0.3605769230769231 0.057692307692307696 0.11778846153846154
0 0.14182692307692307 0.3918269230769231 0.0673076923076923 0.10817307692307693
0 0.890625 0.44471153846153844 0.0625 0.11538461538461539
0 0.3389423076923077 0.3713942307692308 0.057692307692307696 0.10576923076923077
1 0.7091346153846154 0.4074519230769231 0.04807692307692308 0.10336538461538461
0 0.5564903846153846 0.39903846153846156 0.040865384615384616 0.06971153846153846
0 0.5889423076923077 0.4050480769230769 0.03125 0.06490384615384616
0 0.46634615384615385 0.38221153846153844 0.04326923076923077 0.09375
0 0.38461538461538464 0.3918269230769231 0.04807692307692308 0.08173076923076923
0 0.43509615384615385 0.39783653846153844 0.038461538461538464 0.0673076923076923
0 0.25 0.39783653846153844 0.038461538461538464 0.07451923076923077
0 0.27163461538461536 0.39903846153846156 0.036057692307692304 0.06009615384615385
0 0.22716346153846154 0.390625 0.03125 0.06009615384615385