1 0.26802884615384615 0.41346153846153844 0.18509615384615385 0.24759615384615385
1 0.6177884615384616 0.8713942307692307 0.20192307692307693 0.25721153846153844
1 0.7788461538461539 0.39783653846153844 0.18990384615384615 0.25961538461538464
1 0.9134615384615384 0.18389423076923078 0.17307692307692307 0.30528846153846156
1 0.6586538461538461 0.6286057692307693 0.17307692307692307 0.24519230769230768
1 0.9723557692307693 0.38100961538461536 0.055288461538461536 0.2764423076923077
1 0.7439903846153846 0.23557692307692307 0.15865384615384615 0.2403846153846154
1 0.2824519230769231 0.7211538461538461 0.19951923076923078 0.2548076923076923
1 0.9519230769230769 0.7644230769230769 0.08413461538461539 0.31009615384615385
0 0.46033653846153844 0.4723557692307692 0.16105769230769232 0.21394230769230768
0 0.7908653846153846 0.7764423076923077 0.16826923076923078 0.2620192307692308