1 0.057692307692307696 0.40625 0.036057692307692304 0.04807692307692308
0 0.20673076923076922 0.38461538461538464 0.11057692307692307 0.17548076923076922
0 0.1346153846153846 0.39302884615384615 0.040865384615384616 0.06490384615384616
0 0.4387019230769231 0.3858173076923077 0.0673076923076923 0.10096153846153846
0 0.5084134615384616 0.3858173076923077 0.0673076923076923 0.10336538461538461
0 0.5877403846153846 0.4026442307692308 0.04807692307692308 0.08173076923076923
0 0.6274038461538461 0.41947115384615385 0.04326923076923077 0.07451923076923077
0 0.6959134615384616 0.4110576923076923 0.036057692307692304 0.055288461538461536
0 0.7692307692307693 0.4230769230769231 0.052884615384615384 0.07692307692307693
0 0.8461538461538461 0.4182692307692308 0.05048076923076923 0.07692307692307693
0 0.9230769230769231 0.40865384615384615 0.04807692307692308 0.06971153846153846
0 0.9711538461538461 0.41466346153846156 0.03365384615384615 0.06490384615384616