1 0.7307692307692307 0.3076923076923077 0.08173076923076923 0.14423076923076922
0 0.375 0.359375 0.07211538461538461 0.12980769230769232
0 0.078125 0.36899038461538464 0.07211538461538461 0.1346153846153846
0 0.1622596153846154 0.3641826923076923 0.0985576923076923 0.15865384615384615
0 0.44350961538461536 0.41225961538461536 0.06971153846153846 0.10817307692307693
0 0.7980769230769231 0.3425480769230769 0.055288461538461536 0.0985576923076923
0 0.6814903846153846 0.3762019230769231 0.05048076923076923 0.09615384615384616
0 0.6225961538461539 0.3918269230769231 0.038461538461538464 0.0673076923076923
0 0.5805288461538461 0.4170673076923077 0.03365384615384615 0.06490384615384616
0 0.5396634615384616 0.40384615384615385 0.038461538461538464 0.06009615384615385
0 0.2776442307692308 0.41586538461538464 0.04567307692307692 0.08413461538461539