1 0.41466346153846156 0.38822115384615385 0.06490384615384616 0.12259615384615384
1 0.24879807692307693 0.4362980769230769 0.06009615384615385 0.11057692307692307
1 0.546875 0.38221153846153844 0.055288461538461536 0.11778846153846154
0 0.9194711538461539 0.43990384615384615 0.06490384615384616 0.10817307692307693
0 0.15625 0.43990384615384615 0.06009615384615385 0.11538461538461539
0 0.7199519230769231 0.4050480769230769 0.055288461538461536 0.10576923076923077
1 0.34134615384615385 0.41586538461538464 0.04567307692307692 0.10576923076923077
0 0.49759615384615385 0.4182692307692308 0.038461538461538464 0.07211538461538461
0 0.4651442307692308 0.41947115384615385 0.028846153846153848 0.06490384615384616
0 0.5901442307692307 0.4074519230769231 0.040865384615384616 0.09375
0 0.6742788461538461 0.4230769230769231 0.04567307692307692 0.08173076923076923
0 0.6201923076923077 0.4254807692307692 0.036057692307692304 0.0673076923076923
0 0.8088942307692307 0.4375 0.036057692307692304 0.07451923076923077
0 0.7872596153846154 0.4375 0.03365384615384615 0.06009615384615385
0 0.8317307692307693 0.4326923076923077 0.028846153846153848 0.06009615384615385