1 0.25600961538461536 0.41346153846153844 0.18509615384615385 0.24278846153846154
1 0.5901442307692307 0.8701923076923077 0.20432692307692307 0.25961538461538464
1 0.7548076923076923 0.4074519230769231 0.1875 0.2548076923076923
1 0.8954326923076923 0.20192307692307693 0.18509615384615385 0.3004807692307692
1 0.6334134615384616 0.6298076923076923 0.17307692307692307 0.2403846153846154
1 0.9579326923076923 0.3954326923076923 0.08413461538461539 0.27163461538461536
1 0.7235576923076923 0.24759615384615385 0.15625 0.23557692307692307
1 0.265625 0.7127403846153846 0.19951923076923078 0.25
1 0.9326923076923077 0.7668269230769231 0.11538461538461539 0.30288461538461536
0 0.4423076923076923 0.4735576923076923 0.16105769230769232 0.2091346153846154
0 0.7596153846153846 0.7752403846153846 0.16826923076923078 0.2548076923076923