1 0.375 0.08413461538461539 0.07932692307692307 0.15144230769230768
1 0.44471153846153844 0.19831730769230768 0.08173076923076923 0.1971153846153846
1 0.171875 0.3449519230769231 0.14182692307692307 0.2668269230769231
1 0.6225961538461539 0.11298076923076923 0.08413461538461539 0.1971153846153846
1 0.2800480769230769 0.06370192307692307 0.08173076923076923 0.12259615384615384
1 0.5024038461538461 0.08653846153846154 0.06971153846153846 0.13221153846153846
1 0.2920673076923077 0.18629807692307693 0.0889423076923077 0.20432692307692307
1 0.06850961538461539 0.11899038461538461 0.10096153846153846 0.18269230769230768
1 0.8545673076923077 0.40384615384615385 0.16105769230769232 0.29086538461538464
1 0.7716346153846154 0.20432692307692307 0.09134615384615384 0.18509615384615385
1 0.21995192307692307 0.16826923076923078 0.08173076923076923 0.18509615384615385
1 0.953125 0.19591346153846154 0.08653846153846154 0.20432692307692307
1 0.44471153846153844 0.06370192307692307 0.06490384615384616 0.125
1 0.9543269230769231 0.3786057692307692 0.09134615384615384 0.2860576923076923
1 0.3701923076923077 0.2608173076923077 0.11057692307692307 0.2283653846153846
1 0.6947115384615384 0.2764423076923077 0.12259615384615384 0.23557692307692307
1 0.5612980769230769 0.24879807692307693 0.1201923076923077 0.27403846153846156
1 0.015625 0.3016826923076923 0.03125 0.24278846153846154
1 0.6862980769230769 0.06129807692307692 0.055288461538461536 0.12259615384615384
1 0.8040865384615384 0.09495192307692307 0.06971153846153846 0.11298076923076923