1 0.9567307692307693 0.8954326923076923 0.08653846153846154 0.13701923076923078
1 0.6646634615384616 0.7127403846153846 0.0673076923076923 0.10576923076923077
1 0.9879807692307693 0.8161057692307693 0.02403846153846154 0.12740384615384615
1 0.5504807692307693 0.6754807692307693 0.052884615384615384 0.0889423076923077
1 0.028846153846153848 0.8365384615384616 0.019230769230769232 0.09375
1 0.12620192307692307 0.7992788461538461 0.05048076923076923 0.09134615384615384
1 0.22355769230769232 0.7980769230769231 0.05048076923076923 0.07692307692307693
1 0.17307692307692307 0.07091346153846154 0.038461538461538464 0.04567307692307692
1 0.25841346153846156 0.30649038461538464 0.038461538461538464 0.057692307692307696
1 0.42427884615384615 0.6959134615384616 0.04807692307692308 0.0673076923076923
1 0.6165865384615384 0.828125 0.0625 0.11057692307692307
1 0.5084134615384616 0.8221153846153846 0.06009615384615385 0.10576923076923077
1 0.4519230769230769 0.8365384615384616 0.057692307692307696 0.10096153846153846
1 0.4387019230769231 0.796875 0.052884615384615384 0.09134615384615384
1 0.3557692307692308 0.7824519230769231 0.04326923076923077 0.06971153846153846
1 0.5036057692307693 0.5661057692307693 0.04567307692307692 0.055288461538461536
1 0.46033653846153844 0.5288461538461539 0.036057692307692304 0.06009615384615385
1 0.38221153846153844 0.5516826923076923 0.04567307692307692 0.06971153846153846
1 0.42427884615384615 0.4338942307692308 0.036057692307692304 0.06971153846153846
1 0.38221153846153844 0.4651442307692308 0.03365384615384615 0.057692307692307696
0 0.8197115384615384 0.8197115384615384 0.06490384615384616 0.07451923076923077