1 0.6923076923076923 0.14423076923076922 0.09134615384615384 0.14423076923076922
1 0.6141826923076923 0.23918269230769232 0.0985576923076923 0.1875
1 0.8413461538461539 0.4050480769230769 0.16105769230769232 0.25721153846153844
1 0.4639423076923077 0.140625 0.10096153846153846 0.1875
1 0.78125 0.1310096153846154 0.09134615384615384 0.13701923076923078
1 0.5757211538461539 0.1310096153846154 0.07932692307692307 0.12740384615384615
1 0.7524038461538461 0.24759615384615385 0.10576923076923077 0.19471153846153846
1 0.953125 0.21514423076923078 0.09375 0.17548076923076922
1 0.21875 0.37259615384615385 0.18028846153846154 0.27884615384615385
1 0.31850961538461536 0.203125 0.10576923076923077 0.1778846153846154
1 0.8209134615384616 0.2403846153846154 0.0985576923076923 0.1778846153846154
1 0.1466346153846154 0.171875 0.12259615384615384 0.1971153846153846
1 0.6334134615384616 0.11298076923076923 0.07451923076923077 0.12980769230769232
1 0.10576923076923077 0.3329326923076923 0.17067307692307693 0.2764423076923077
1 0.6730769230769231 0.30528846153846156 0.12740384615384615 0.21875
1 0.3798076923076923 0.27884615384615385 0.13942307692307693 0.22596153846153846
1 0.5012019230769231 0.2704326923076923 0.14182692307692307 0.2620192307692308
1 0.9795673076923077 0.3894230769230769 0.040865384615384616 0.22596153846153846
1 0.41225961538461536 0.0829326923076923 0.06490384615384616 0.125
1 0.30288461538461536 0.09975961538461539 0.07692307692307693 0.11298076923076923