0 0.7800480769230769 0.3641826923076923 0.0673076923076923 0.10817307692307693
0 0.3088942307692308 0.3016826923076923 0.07451923076923077 0.11057692307692307
0 0.5901442307692307 0.29447115384615385 0.06009615384615385 0.10817307692307693
0 0.8954326923076923 0.3701923076923077 0.04567307692307692 0.06971153846153846
0 0.4098557692307692 0.3245192307692308 0.038461538461538464 0.057692307692307696
0 0.3473557692307692 0.3329326923076923 0.05048076923076923 0.08413461538461539
0 0.25240384615384615 0.32091346153846156 0.04567307692307692 0.0673076923076923
0 0.12980769230769232 0.28125 0.05048076923076923 0.08173076923076923
0 0.18509615384615385 0.30649038461538464 0.04326923076923077 0.06009615384615385
0 0.0673076923076923 0.296875 0.036057692307692304 0.055288461538461536
0 0.49759615384615385 0.3076923076923077 0.04807692307692308 0.07932692307692307