0 0.24759615384615385 0.27884615384615385 0.18269230769230768 0.35336538461538464
0 0.7620192307692307 0.3918269230769231 0.18269230769230768 0.33413461538461536
0 0.46153846153846156 0.35336538461538464 0.16346153846153846 0.3004807692307692
0 0.859375 0.20192307692307693 0.17548076923076922 0.3269230769230769
0 0.7259615384615384 0.22956730769230768 0.1346153846153846 0.19951923076923078
0 0.12259615384615384 0.32572115384615385 0.13942307692307693 0.23798076923076922
0 0.042067307692307696 0.28966346153846156 0.08413461538461539 0.31490384615384615
0 0.6574519230769231 0.33413461538461536 0.11298076923076923 0.2548076923076923
0 0.9435096153846154 0.18269230769230768 0.08173076923076923 0.3269230769230769
0 0.5180288461538461 0.29927884615384615 0.10096153846153846 0.2668269230769231
0 0.3269230769230769 0.3401442307692308 0.10817307692307693 0.2932692307692308