0 0.71875 0.23557692307692307 0.1346153846153846 0.3245192307692308
0 0.24278846153846154 0.4026442307692308 0.13942307692307693 0.3076923076923077
0 0.5240384615384616 0.33052884615384615 0.125 0.27403846153846156
0 0.12740384615384615 0.234375 0.1346153846153846 0.2980769230769231
0 0.25721153846153844 0.24519230769230768 0.11057692307692307 0.1778846153846154
0 0.8425480769230769 0.265625 0.11057692307692307 0.21634615384615385
0 0.9459134615384616 0.21875 0.10817307692307693 0.2932692307692308
0 0.33413461538461536 0.33653846153846156 0.07932692307692307 0.23557692307692307
0 0.03365384615384615 0.2247596153846154 0.0673076923076923 0.31009615384615385
0 0.4639423076923077 0.28725961538461536 0.0673076923076923 0.25
0 0.6502403846153846 0.30288461538461536 0.07211538461538461 0.27403846153846156