1 0.6862980769230769 0.3870192307692308 0.10096153846153846 0.1658653846153846
1 0.47836538461538464 0.38221153846153844 0.10576923076923077 0.17307692307692307
1 0.7836538461538461 0.4338942307692308 0.1346153846153846 0.2091346153846154
1 0.5192307692307693 0.21033653846153846 0.0889423076923077 0.16105769230769232
1 0.3762019230769231 0.6802884615384616 0.15144230769230768 0.23798076923076922
1 0.078125 0.6766826923076923 0.14182692307692307 0.18990384615384615
1 0.13581730769230768 0.4375 0.10096153846153846 0.12259615384615384
1 0.6514423076923077 0.13581730769230768 0.07211538461538461 0.1466346153846154
1 0.4495192307692308 0.1141826923076923 0.07211538461538461 0.12740384615384615
1 0.19591346153846154 0.13581730769230768 0.08413461538461539 0.1658653846153846
1 0.6334134615384616 0.8112980769230769 0.20432692307692307 0.31009615384615385
1 0.29447115384615385 0.46875 0.1201923076923077 0.19471153846153846