1 0.27403846153846156 0.3545673076923077 0.09375 0.16105769230769232
1 0.47716346153846156 0.34134615384615385 0.0985576923076923 0.16826923076923078
1 0.18028846153846154 0.4026442307692308 0.12740384615384615 0.20192307692307693
1 0.43149038461538464 0.17427884615384615 0.08173076923076923 0.15625
1 0.5889423076923077 0.6298076923076923 0.14182692307692307 0.2283653846153846
1 0.8870192307692307 0.6189903846153846 0.1466346153846154 0.18509615384615385
1 0.8149038461538461 0.3858173076923077 0.09615384615384616 0.11538461538461539
1 0.2980769230769231 0.10697115384615384 0.06490384615384616 0.14182692307692307
1 0.4951923076923077 0.078125 0.06490384615384616 0.125
1 0.7439903846153846 0.09134615384615384 0.07451923076923077 0.15625
1 0.3401442307692308 0.7668269230769231 0.18990384615384615 0.3004807692307692
1 0.6610576923076923 0.41947115384615385 0.11298076923076923 0.1875