0 0.19110576923076922 0.35216346153846156 0.07932692307692307 0.1201923076923077
0 0.6935096153846154 0.24759615384615385 0.08653846153846154 0.125
0 0.3918269230769231 0.2620192307692308 0.07451923076923077 0.1201923076923077
0 0.0673076923076923 0.36538461538461536 0.055288461538461536 0.07692307692307693
0 0.5865384615384616 0.2800480769230769 0.04567307692307692 0.06490384615384616
0 0.6538461538461539 0.28365384615384615 0.06009615384615385 0.09375
0 0.7572115384615384 0.2644230769230769 0.052884615384615384 0.07451923076923077
0 0.8858173076923077 0.2127403846153846 0.06009615384615385 0.0889423076923077
0 0.8269230769230769 0.2439903846153846 0.04807692307692308 0.0673076923076923
0 0.9507211538461539 0.22596153846153846 0.038461538461538464 0.0625
0 0.49038461538461536 0.2692307692307692 0.057692307692307696 0.08653846153846154