0 0.8161057692307693 0.3798076923076923 0.07451923076923077 0.11538461538461539
0 0.3293269230769231 0.296875 0.07932692307692307 0.11778846153846154
0 0.6213942307692307 0.3016826923076923 0.0673076923076923 0.11538461538461539
0 0.9362980769230769 0.3894230769230769 0.05048076923076923 0.07451923076923077
0 0.4338942307692308 0.32572115384615385 0.040865384615384616 0.0625
0 0.36778846153846156 0.3317307692307692 0.055288461538461536 0.0889423076923077
0 0.2692307692307692 0.3161057692307692 0.04807692307692308 0.07211538461538461
0 0.14302884615384615 0.2704326923076923 0.052884615384615384 0.08413461538461539
0 0.20072115384615385 0.2980769230769231 0.04567307692307692 0.0625
0 0.07932692307692307 0.28365384615384615 0.038461538461538464 0.057692307692307696
0 0.5240384615384616 0.3112980769230769 0.052884615384615384 0.08173076923076923