1 0.8173076923076923 0.14423076923076922 0.0985576923076923 0.16826923076923078
1 0.5973557692307693 0.19471153846153846 0.07451923076923077 0.12740384615384615
1 0.35697115384615385 0.2776442307692308 0.04326923076923077 0.07692307692307693
1 0.39663461538461536 0.27524038461538464 0.055288461538461536 0.10576923076923077
1 0.4362980769230769 0.24519230769230768 0.04567307692307692 0.08413461538461539
1 0.45552884615384615 0.22956730769230768 0.040865384615384616 0.07932692307692307
1 0.49038461538461536 0.22956730769230768 0.052884615384615384 0.0985576923076923
1 0.5384615384615384 0.19951923076923078 0.057692307692307696 0.11538461538461539
1 0.7259615384615384 0.19471153846153846 0.057692307692307696 0.10096153846153846
1 0.7728365384615384 0.19831730769230768 0.04807692307692308 0.08413461538461539
1 0.9338942307692307 0.12379807692307693 0.04567307692307692 0.14423076923076922