1 0.6394230769230769 0.4362980769230769 0.08653846153846154 0.1346153846153846
1 0.13581730769230768 0.3942307692307692 0.14423076923076922 0.20432692307692307
1 0.7319711538461539 0.4567307692307692 0.10817307692307693 0.1778846153846154
1 0.9350961538461539 0.4375 0.125 0.18028846153846154
1 0.052884615384615384 0.34375 0.0985576923076923 0.19951923076923078
1 0.2548076923076923 0.4182692307692308 0.08173076923076923 0.11778846153846154
1 0.3713942307692308 0.46875 0.0673076923076923 0.09375
1 0.5709134615384616 0.41586538461538464 0.07932692307692307 0.15144230769230768
1 0.4387019230769231 0.53125 0.08413461538461539 0.13221153846153846
1 0.5204326923076923 0.4675480769230769 0.055288461538461536 0.10817307692307693
1 0.43990384615384615 0.38341346153846156 0.057692307692307696 0.10576923076923077