0 0.9026442307692307 0.34375 0.08413461538461539 0.1346153846153846
0 0.3004807692307692 0.36778846153846156 0.07451923076923077 0.13701923076923078
0 0.8100961538461539 0.39302884615384615 0.0673076923076923 0.11778846153846154
0 0.17307692307692307 0.4050480769230769 0.06490384615384616 0.10096153846153846
0 0.7019230769230769 0.3894230769230769 0.0625 0.09615384615384616
0 0.08653846153846154 0.42427884615384615 0.06009615384615385 0.11057692307692307
0 0.6153846153846154 0.4026442307692308 0.05048076923076923 0.0889423076923077
0 0.41947115384615385 0.37259615384615385 0.038461538461538464 0.0889423076923077
0 0.7572115384615384 0.4098557692307692 0.04567307692307692 0.10336538461538461
0 0.44471153846153844 0.38461538461538464 0.028846153846153848 0.08413461538461539
0 0.12980769230769232 0.3629807692307692 0.05048076923076923 0.08653846153846154
0 0.03125 0.41586538461538464 0.0625 0.11298076923076923