0 0.9350961538461539 0.44711538461538464 0.12980769230769232 0.25961538461538464
0 0.37740384615384615 0.2704326923076923 0.0673076923076923 0.12259615384615384
0 0.8173076923076923 0.29086538461538464 0.0673076923076923 0.1346153846153846
0 0.3389423076923077 0.25240384615384615 0.05048076923076923 0.08653846153846154
0 0.9399038461538461 0.3425480769230769 0.10096153846153846 0.1778846153846154
0 0.8485576923076923 0.3161057692307692 0.07211538461538461 0.13942307692307693
0 0.04447115384615385 0.39903846153846156 0.0889423076923077 0.20192307692307693
0 0.6850961538461539 0.23798076923076922 0.04326923076923077 0.0889423076923077
0 0.578125 0.23677884615384615 0.05048076923076923 0.10096153846153846
0 0.5 0.24278846153846154 0.04807692307692308 0.10336538461538461
0 0.19831730769230768 0.3173076923076923 0.09134615384615384 0.1778846153846154