1 0.3870192307692308 0.30528846153846156 0.1466346153846154 0.2692307692307692
1 0.11658653846153846 0.421875 0.09134615384615384 0.17548076923076922
1 0.8870192307692307 0.3557692307692308 0.10576923076923077 0.20432692307692307
1 0.9483173076923077 0.3425480769230769 0.06971153846153846 0.13701923076923078
1 0.19951923076923078 0.3713942307692308 0.07211538461538461 0.1466346153846154
1 0.6225961538461539 0.43028846153846156 0.13701923076923078 0.3245192307692308
1 0.016826923076923076 0.3713942307692308 0.03365384615384615 0.21875
1 0.5516826923076923 0.33533653846153844 0.04326923076923077 0.10096153846153846
1 0.2620192307692308 0.41225961538461536 0.055288461538461536 0.09375
1 0.28725961538461536 0.37259615384615385 0.03365384615384615 0.06490384615384616
0 0.49278846153846156 0.3293269230769231 0.04807692307692308 0.09375