0 0.9194711538461539 0.5168269230769231 0.08413461538461539 0.11538461538461539
0 0.4411057692307692 0.37259615384615385 0.06971153846153846 0.10576923076923077
0 0.78125 0.4170673076923077 0.06971153846153846 0.11057692307692307
0 0.13822115384615385 0.3329326923076923 0.06971153846153846 0.10096153846153846
0 0.8449519230769231 0.46875 0.06009615384615385 0.09375
0 0.6742788461538461 0.43028846153846156 0.04567307692307692 0.07451923076923077
0 0.5637019230769231 0.4254807692307692 0.07211538461538461 0.10096153846153846
0 0.7271634615384616 0.45072115384615385 0.06009615384615385 0.08173076923076923
0 0.30649038461538464 0.36538461538461536 0.0625 0.09375
0 0.3449519230769231 0.3389423076923077 0.05048076923076923 0.07451923076923077
0 0.0673076923076923 0.32211538461538464 0.04807692307692308 0.08173076923076923