1 0.37259615384615385 0.38221153846153844 0.09134615384615384 0.14182692307692307
1 0.9026442307692307 0.3389423076923077 0.15144230769230768 0.21394230769230768
1 0.2764423076923077 0.4050480769230769 0.11538461538461539 0.1875
1 0.06370192307692307 0.38341346153846156 0.12740384615384615 0.18990384615384615
1 0.9651442307692307 0.28846153846153844 0.04807692307692308 0.20432692307692307
1 0.7788461538461539 0.3641826923076923 0.08653846153846154 0.12259615384615384
1 0.65625 0.4170673076923077 0.06971153846153846 0.09615384615384616
1 0.44471153846153844 0.3605769230769231 0.08413461538461539 0.15865384615384615
1 0.5853365384615384 0.48197115384615385 0.08653846153846154 0.13942307692307693
1 0.4987980769230769 0.4170673076923077 0.057692307692307696 0.11298076923076923
1 0.5829326923076923 0.328125 0.06009615384615385 0.11057692307692307