1 0.6189903846153846 0.2608173076923077 0.13942307692307693 0.2620192307692308
1 0.8846153846153846 0.3701923076923077 0.08653846153846154 0.17067307692307693
1 0.1310096153846154 0.31971153846153844 0.0985576923076923 0.1971153846153846
1 0.07091346153846154 0.3088942307692308 0.06490384615384616 0.1346153846153846
1 0.8040865384615384 0.3245192307692308 0.0673076923076923 0.14182692307692307
1 0.390625 0.38822115384615385 0.12980769230769232 0.31490384615384615
1 0.9831730769230769 0.31850961538461536 0.03365384615384615 0.21394230769230768
1 0.4579326923076923 0.29447115384615385 0.040865384615384616 0.0985576923076923
1 0.7427884615384616 0.36538461538461536 0.055288461538461536 0.09134615384615384
1 0.7175480769230769 0.32572115384615385 0.03125 0.0625
0 0.5168269230769231 0.28725961538461536 0.04567307692307692 0.09134615384615384