0 0.04326923076923077 0.33774038461538464 0.08653846153846154 0.25961538461538464
0 0.6334134615384616 0.24759615384615385 0.06009615384615385 0.12259615384615384
0 0.17908653846153846 0.19591346153846154 0.06009615384615385 0.13701923076923078
0 0.6766826923076923 0.234375 0.04567307692307692 0.08653846153846154
0 0.04807692307692308 0.22956730769230768 0.08413461538461539 0.1778846153846154
0 0.14182692307692307 0.21754807692307693 0.06490384615384616 0.14182692307692307
0 0.9579326923076923 0.43509615384615385 0.08413461538461539 0.20673076923076922
0 0.3245192307692308 0.16346153846153846 0.036057692307692304 0.0889423076923077
0 0.4338942307692308 0.18028846153846154 0.04326923076923077 0.10096153846153846
0 0.5120192307692307 0.19831730769230768 0.04326923076923077 0.10576923076923077
0 0.8125 0.3245192307692308 0.08173076923076923 0.18269230769230768