1 0.3545673076923077 0.3870192307692308 0.07932692307692307 0.13221153846153846
1 0.8605769230769231 0.44350961538461536 0.1346153846153846 0.19951923076923078
1 0.25961538461538464 0.390625 0.10096153846153846 0.17548076923076922
1 0.0625 0.3317307692307692 0.11538461538461539 0.1778846153846154
1 0.9555288461538461 0.4098557692307692 0.0889423076923077 0.19951923076923078
1 0.7403846153846154 0.44350961538461536 0.07692307692307693 0.11538461538461539
1 0.6141826923076923 0.4723557692307692 0.0625 0.09134615384615384
1 0.4266826923076923 0.3798076923076923 0.07211538461538461 0.14903846153846154
1 0.5360576923076923 0.5192307692307693 0.07932692307692307 0.12980769230769232
1 0.4651442307692308 0.4423076923076923 0.05048076923076923 0.10817307692307693
1 0.5612980769230769 0.3737980769230769 0.052884615384615384 0.10336538461538461