1 0.6033653846153846 0.25 0.12980769230769232 0.25721153846153844
1 0.875 0.34975961538461536 0.08173076923076923 0.16826923076923078
1 0.11899038461538461 0.32572115384615385 0.09375 0.19471153846153846
1 0.057692307692307696 0.31490384615384615 0.06009615384615385 0.13221153846153846
1 0.7920673076923077 0.30528846153846156 0.0625 0.13942307692307693
1 0.3798076923076923 0.38341346153846156 0.11778846153846154 0.31009615384615385
1 0.9783653846153846 0.29447115384615385 0.04326923076923077 0.21394230769230768
1 0.44471153846153844 0.28846153846153844 0.038461538461538464 0.09615384615384616
1 0.7331730769230769 0.3485576923076923 0.05048076923076923 0.09134615384615384
1 0.7055288461538461 0.3112980769230769 0.028846153846153848 0.0625
0 0.5024038461538461 0.27884615384615385 0.040865384615384616 0.09134615384615384