1 0.9735576923076923 0.43509615384615385 0.052884615384615384 0.1201923076923077
1 0.828125 0.5060096153846154 0.07932692307692307 0.12259615384615384
1 0.14903846153846154 0.3870192307692308 0.07451923076923077 0.09134615384615384
1 0.890625 0.11899038461538461 0.055288461538461536 0.08653846153846154
1 0.8173076923076923 0.34375 0.06009615384615385 0.0985576923076923
1 0.20793269230769232 0.17668269230769232 0.06009615384615385 0.0889423076923077
1 0.08413461538461539 0.1310096153846154 0.07451923076923077 0.09615384615384616
1 0.8401442307692307 0.10216346153846154 0.05048076923076923 0.08173076923076923
1 0.6670673076923077 0.13822115384615385 0.0625 0.0889423076923077
0 0.3798076923076923 0.3016826923076923 0.06009615384615385 0.0889423076923077
0 0.1346153846153846 0.6153846153846154 0.07211538461538461 0.07932692307692307
0 0.35216346153846156 0.09134615384615384 0.0625 0.08173076923076923