1 0.15985576923076922 0.3605769230769231 0.16105769230769232 0.21634615384615385
1 0.17307692307692307 0.5973557692307693 0.18509615384615385 0.25
1 0.3016826923076923 0.8377403846153846 0.22355769230769232 0.3004807692307692
1 0.47716346153846156 0.5853365384615384 0.17548076923076922 0.28365384615384615
1 0.578125 0.34134615384615385 0.10336538461538461 0.1466346153846154
1 0.5733173076923077 0.46634615384615385 0.15384615384615385 0.17548076923076922
1 0.6862980769230769 0.5673076923076923 0.1201923076923077 0.18269230769230768
1 0.6995192307692307 0.3076923076923077 0.07932692307692307 0.12740384615384615
1 0.7451923076923077 0.3485576923076923 0.08173076923076923 0.12740384615384615
1 0.7584134615384616 0.4519230769230769 0.10817307692307693 0.14423076923076922
1 0.9026442307692307 0.5673076923076923 0.19471153846153846 0.2932692307692308
1 0.8581730769230769 0.4651442307692308 0.11298076923076923 0.17307692307692307
1 0.9290865384615384 0.3581730769230769 0.10096153846153846 0.15384615384615385