0 0.11538461538461539 0.5709134615384616 0.036057692307692304 0.06971153846153846
0 0.15865384615384615 0.5961538461538461 0.05048076923076923 0.09134615384615384
0 0.25240384615384615 0.5841346153846154 0.04807692307692308 0.07451923076923077
0 0.34375 0.5913461538461539 0.040865384615384616 0.055288461538461536
0 0.40625 0.6153846153846154 0.040865384615384616 0.07451923076923077
0 0.5084134615384616 0.6298076923076923 0.052884615384615384 0.07692307692307693
0 0.5408653846153846 0.5985576923076923 0.03125 0.057692307692307696
0 0.5685096153846154 0.5913461538461539 0.040865384615384616 0.07692307692307693
0 0.6165865384615384 0.6177884615384616 0.036057692307692304 0.052884615384615384
0 0.6514423076923077 0.6322115384615384 0.05048076923076923 0.08413461538461539
0 0.7115384615384616 0.6358173076923077 0.04326923076923077 0.06971153846153846
0 0.8052884615384616 0.6129807692307693 0.05048076923076923 0.08413461538461539
0 0.8894230769230769 0.6237980769230769 0.04567307692307692 0.07692307692307693
0 0.9615384615384616 0.6490384615384616 0.04807692307692308 0.0673076923076923