1 0.12740384615384615 0.3713942307692308 0.1466346153846154 0.21153846153846154
1 0.1622596153846154 0.609375 0.17067307692307693 0.24278846153846154
1 0.31490384615384615 0.8461538461538461 0.20432692307692307 0.2980769230769231
1 0.4699519230769231 0.5721153846153846 0.15865384615384615 0.27884615384615385
1 0.5516826923076923 0.3137019230769231 0.09375 0.14423076923076922
1 0.5576923076923077 0.4411057692307692 0.14423076923076922 0.16826923076923078
1 0.6814903846153846 0.5348557692307693 0.10817307692307693 0.18028846153846154
1 0.671875 0.26802884615384615 0.07211538461538461 0.125
1 0.7211538461538461 0.3076923076923077 0.07451923076923077 0.125
1 0.7439903846153846 0.41225961538461536 0.10096153846153846 0.13942307692307693
1 0.90625 0.5144230769230769 0.18509615384615385 0.2860576923076923
1 0.8461538461538461 0.41586538461538464 0.10336538461538461 0.17067307692307693
1 0.9098557692307693 0.29927884615384615 0.09375 0.14903846153846154