1 0.8701923076923077 0.5516826923076923 0.08413461538461539 0.11298076923076923
1 0.7283653846153846 0.5420673076923077 0.07692307692307693 0.11298076923076923
1 0.8185096153846154 0.53125 0.06971153846153846 0.10336538461538461
1 0.5084134615384616 0.48197115384615385 0.06490384615384616 0.09615384615384616
1 0.6310096153846154 0.4879807692307692 0.07451923076923077 0.10576923076923077
0 0.9831730769230769 0.6105769230769231 0.021634615384615384 0.057692307692307696
0 0.9290865384615384 0.5829326923076923 0.036057692307692304 0.05048076923076923
1 0.3737980769230769 0.4675480769230769 0.06009615384615385 0.10336538461538461
1 0.3293269230769231 0.4495192307692308 0.06490384615384616 0.0889423076923077
0 0.05048076923076923 0.43028846153846156 0.0625 0.09615384615384616
0 0.2764423076923077 0.4723557692307692 0.04567307692307692 0.0673076923076923