1 0.1935096153846154 0.41947115384615385 0.07932692307692307 0.10576923076923077
1 0.3245192307692308 0.453125 0.07451923076923077 0.10576923076923077
1 0.24639423076923078 0.4170673076923077 0.0673076923076923 0.0985576923076923
1 0.5396634615384616 0.4639423076923077 0.06009615384615385 0.09134615384615384
1 0.42788461538461536 0.4326923076923077 0.06971153846153846 0.10096153846153846
0 0.06490384615384616 0.43990384615384615 0.040865384615384616 0.06009615384615385
0 0.13221153846153846 0.43028846153846156 0.03365384615384615 0.04807692307692308
1 0.6646634615384616 0.4891826923076923 0.057692307692307696 0.0985576923076923
1 0.7103365384615384 0.4855769230769231 0.06009615384615385 0.08413461538461539
0 0.9663461538461539 0.5504807692307693 0.057692307692307696 0.09134615384615384
0 0.7524038461538461 0.5216346153846154 0.04326923076923077 0.0625