1 0.8786057692307693 0.40865384615384615 0.13701923076923078 0.20192307692307693
1 0.8365384615384616 0.640625 0.15625 0.23317307692307693
1 0.6790865384615384 0.8605769230769231 0.18990384615384615 0.27403846153846156
1 0.5372596153846154 0.5925480769230769 0.14423076923076922 0.2668269230769231
1 0.4675480769230769 0.3389423076923077 0.08653846153846154 0.13701923076923078
1 0.4567307692307692 0.4639423076923077 0.1346153846153846 0.16105769230769232
1 0.33413461538461536 0.5492788461538461 0.0985576923076923 0.17307692307692307
1 0.35216346153846156 0.29086538461538464 0.06490384615384616 0.1201923076923077
1 0.3016826923076923 0.328125 0.0673076923076923 0.1201923076923077
1 0.2764423076923077 0.42788461538461536 0.09375 0.1346153846153846
1 0.11538461538461539 0.5228365384615384 0.17067307692307693 0.27403846153846156
1 0.17668269230769232 0.42908653846153844 0.09375 0.16346153846153846
1 0.11899038461538461 0.3137019230769231 0.08653846153846154 0.14423076923076922