1 0.84375 0.4543269230769231 0.07692307692307693 0.10576923076923077
1 0.7079326923076923 0.4807692307692308 0.07211538461538461 0.10576923076923077
1 0.7908653846153846 0.44711538461538464 0.0625 0.0985576923076923
1 0.4879807692307692 0.4795673076923077 0.057692307692307696 0.09134615384615384
1 0.6045673076923077 0.45552884615384615 0.0673076923076923 0.10096153846153846
0 0.9735576923076923 0.48197115384615385 0.038461538461538464 0.06009615384615385
0 0.9050480769230769 0.46875 0.03125 0.04807692307692308
1 0.359375 0.5 0.055288461538461536 0.0985576923076923
1 0.3137019230769231 0.49399038461538464 0.057692307692307696 0.08413461538461539
0 0.04807692307692308 0.546875 0.055288461538461536 0.09134615384615384
0 0.2692307692307692 0.5288461538461539 0.040865384615384616 0.0625