0 0.9507211538461539 0.45552884615384615 0.0985576923076923 0.17067307692307693
0 0.6189903846153846 0.44350961538461536 0.07451923076923077 0.1466346153846154
0 0.11899038461538461 0.43028846153846156 0.07451923076923077 0.12740384615384615
0 0.7836538461538461 0.48677884615384615 0.12980769230769232 0.2620192307692308
0 0.22355769230769232 0.46634615384615385 0.11298076923076923 0.19471153846153846
0 0.36177884615384615 0.4098557692307692 0.055288461538461536 0.09375
0 0.47475961538461536 0.2980769230769231 0.05048076923076923 0.08413461538461539
0 0.47716346153846156 0.40865384615384615 0.06490384615384616 0.10576923076923077
0 0.3112980769230769 0.36658653846153844 0.04567307692307692 0.08173076923076923
0 0.04807692307692308 0.4014423076923077 0.0625 0.10336538461538461
0 0.019230769230769232 0.38221153846153844 0.036057692307692304 0.08413461538461539