0 0.9411057692307693 0.3473557692307692 0.03365384615384615 0.055288461538461536
0 0.8870192307692307 0.3798076923076923 0.08413461538461539 0.13701923076923078
0 0.7680288461538461 0.38341346153846156 0.052884615384615384 0.07692307692307693
0 0.7151442307692307 0.4014423076923077 0.06490384615384616 0.11538461538461539
0 0.6081730769230769 0.3858173076923077 0.10336538461538461 0.1658653846153846
0 0.6526442307692307 0.38221153846153844 0.04807692307692308 0.11298076923076923
0 0.5649038461538461 0.36177884615384615 0.06490384615384616 0.15625
0 0.5168269230769231 0.4050480769230769 0.0625 0.0985576923076923
0 0.3112980769230769 0.3942307692307692 0.07692307692307693 0.11057692307692307
0 0.18870192307692307 0.4170673076923077 0.07932692307692307 0.14182692307692307
0 0.014423076923076924 0.3918269230769231 0.028846153846153848 0.21634615384615385