1 0.6646634615384616 0.12259615384615384 0.09375 0.1658653846153846
1 0.8245192307692307 0.18990384615384615 0.20673076923076922 0.3076923076923077
1 0.5528846153846154 0.14423076923076922 0.12259615384615384 0.18509615384615385
1 0.9579326923076923 0.21514423076923078 0.08413461538461539 0.2764423076923077
1 0.23798076923076922 0.12980769230769232 0.07692307692307693 0.125
1 0.4651442307692308 0.23918269230769232 0.1658653846153846 0.2548076923076923
1 0.6105769230769231 0.16947115384615385 0.0625 0.10817307692307693
1 0.9242788461538461 0.18990384615384615 0.07932692307692307 0.15144230769230768
1 0.29927884615384615 0.15745192307692307 0.052884615384615384 0.09615384615384616
1 0.36538461538461536 0.1658653846153846 0.04807692307692308 0.08173076923076923
1 0.40865384615384615 0.1658653846153846 0.055288461538461536 0.09134615384615384
1 0.27403846153846156 0.12259615384615384 0.057692307692307696 0.08653846153846154