1 0.47836538461538464 0.28846153846153844 0.0889423076923077 0.15144230769230768
1 0.34615384615384615 0.3076923076923077 0.08653846153846154 0.14182692307692307
1 0.051682692307692304 0.36538461538461536 0.0985576923076923 0.15144230769230768
1 0.6766826923076923 0.26802884615384615 0.0889423076923077 0.14182692307692307
1 0.21033653846153846 0.3786057692307692 0.07451923076923077 0.11538461538461539
1 0.5348557692307693 0.32572115384615385 0.06490384615384616 0.10576923076923077
1 0.8737980769230769 0.2956730769230769 0.052884615384615384 0.10817307692307693
1 0.12740384615384615 0.4050480769230769 0.0625 0.0889423076923077
1 0.42908653846153844 0.36899038461538464 0.06490384615384616 0.10817307692307693
1 0.7632211538461539 0.31850961538461536 0.06490384615384616 0.10817307692307693
1 0.8377403846153846 0.33052884615384615 0.05048076923076923 0.08413461538461539
1 0.9038461538461539 0.30528846153846156 0.04326923076923077 0.10336538461538461
1 0.29927884615384615 0.3605769230769231 0.0625 0.12740384615384615
1 0.17668269230769232 0.40625 0.052884615384615384 0.10336538461538461