1 0.3112980769230769 0.38100961538461536 0.0625 0.15384615384615385
1 0.45552884615384615 0.36658653846153844 0.0673076923076923 0.1346153846153846
1 0.9519230769230769 0.3401442307692308 0.07211538461538461 0.14903846153846154
1 0.6117788461538461 0.34615384615384615 0.0625 0.12980769230769232
1 0.8064903846153846 0.39302884615384615 0.0625 0.1346153846153846
1 0.7019230769230769 0.33653846153846156 0.055288461538461536 0.1201923076923077
1 0.8858173076923077 0.38461538461538464 0.055288461538461536 0.10336538461538461
0 0.10576923076923077 0.4170673076923077 0.04807692307692308 0.10096153846153846
1 0.7403846153846154 0.3870192307692308 0.04326923076923077 0.09134615384615384
0 0.5396634615384616 0.36658653846153844 0.04807692307692308 0.11057692307692307
0 0.39783653846153844 0.41466346153846156 0.03125 0.07451923076923077
0 0.19591346153846154 0.4387019230769231 0.028846153846153848 0.0625
0 0.14783653846153846 0.43509615384615385 0.03365384615384615 0.0625
0 0.042067307692307696 0.41346153846153844 0.04807692307692308 0.08653846153846154
0 0.36538461538461536 0.421875 0.026442307692307692 0.057692307692307696
0 0.010817307692307692 0.41586538461538464 0.021634615384615384 0.0625