1 0.4495192307692308 0.26322115384615385 0.0985576923076923 0.16826923076923078
1 0.59375 0.24158653846153846 0.09615384615384616 0.15865384615384615
1 0.9170673076923077 0.20793269230769232 0.10576923076923077 0.1658653846153846
1 0.23557692307692307 0.30528846153846156 0.0985576923076923 0.15865384615384615
1 0.7596153846153846 0.27283653846153844 0.08413461538461539 0.12740384615384615
1 0.4026442307692308 0.32091346153846156 0.07211538461538461 0.11538461538461539
1 0.037259615384615384 0.39903846153846156 0.06009615384615385 0.1201923076923077
1 0.8533653846153846 0.27524038461538464 0.06971153846153846 0.0985576923076923
1 0.5264423076923077 0.3329326923076923 0.07211538461538461 0.1201923076923077
1 0.16105769230769232 0.38822115384615385 0.07211538461538461 0.1201923076923077
1 0.08653846153846154 0.4254807692307692 0.057692307692307696 0.09375
1 0.016826923076923076 0.4182692307692308 0.03365384615384615 0.11538461538461539
1 0.6586538461538461 0.28365384615384615 0.07211538461538461 0.14182692307692307
1 0.8016826923076923 0.2920673076923077 0.057692307692307696 0.11298076923076923