1 0.09134615384615384 0.6526442307692307 0.07932692307692307 0.10576923076923077
1 0.43509615384615385 0.6213942307692307 0.0625 0.09134615384615384
1 0.9423076923076923 0.34615384615384615 0.036057692307692304 0.05048076923076923
1 0.8629807692307693 0.4170673076923077 0.036057692307692304 0.052884615384615384
1 0.7932692307692307 0.46634615384615385 0.03365384615384615 0.04807692307692308
1 0.6971153846153846 0.4879807692307692 0.038461538461538464 0.05048076923076923
1 0.3737980769230769 0.484375 0.036057692307692304 0.06009615384615385
1 0.12980769230769232 0.21153846153846154 0.040865384615384616 0.057692307692307696
1 0.23918269230769232 0.3269230769230769 0.036057692307692304 0.06009615384615385
1 0.30528846153846156 0.3870192307692308 0.03125 0.06009615384615385
1 0.28125 0.42788461538461536 0.036057692307692304 0.052884615384615384