0 0.9567307692307693 0.3401442307692308 0.03365384615384615 0.055288461538461536
0 0.9014423076923077 0.3713942307692308 0.08653846153846154 0.13942307692307693
0 0.7788461538461539 0.37740384615384615 0.052884615384615384 0.07932692307692307
0 0.7235576923076923 0.3942307692307692 0.0673076923076923 0.11778846153846154
0 0.6153846153846154 0.3798076923076923 0.10576923076923077 0.17067307692307693
0 0.6610576923076923 0.3762019230769231 0.05048076923076923 0.11538461538461539
0 0.5709134615384616 0.3545673076923077 0.0673076923076923 0.16105769230769232
0 0.5216346153846154 0.40024038461538464 0.06490384615384616 0.10096153846153846
0 0.3112980769230769 0.38822115384615385 0.07932692307692307 0.11298076923076923
0 0.18629807692307693 0.41225961538461536 0.08173076923076923 0.14423076923076922
0 0.010817307692307692 0.3870192307692308 0.021634615384615384 0.22115384615384615