0 0.6322115384615384 0.3870192307692308 0.0625 0.11057692307692307
0 0.6971153846153846 0.39302884615384615 0.07451923076923077 0.12740384615384615
0 0.17307692307692307 0.4110576923076923 0.06009615384615385 0.12259615384615384
0 0.22235576923076922 0.4110576923076923 0.052884615384615384 0.10576923076923077
0 0.5420673076923077 0.39663461538461536 0.057692307692307696 0.10576923076923077
0 0.3954326923076923 0.4254807692307692 0.057692307692307696 0.10096153846153846
0 0.03365384615384615 0.47475961538461536 0.057692307692307696 0.09375
0 0.04326923076923077 0.4230769230769231 0.04567307692307692 0.07451923076923077
0 0.32572115384615385 0.41225961538461536 0.04567307692307692 0.07692307692307693
0 0.2980769230769231 0.40865384615384615 0.03365384615384615 0.08413461538461539
0 0.453125 0.4182692307692308 0.04326923076923077 0.08413461538461539