0 0.9387019230769231 0.4891826923076923 0.10336538461538461 0.1658653846153846
0 0.6237980769230769 0.46153846153846156 0.07692307692307693 0.14182692307692307
0 0.15144230769230768 0.4254807692307692 0.07692307692307693 0.12259615384615384
0 0.7800480769230769 0.5120192307692307 0.13701923076923078 0.2548076923076923
0 0.24879807692307693 0.4639423076923077 0.11538461538461539 0.18990384615384615
0 0.38341346153846156 0.4170673076923077 0.057692307692307696 0.09134615384615384
0 0.4963942307692308 0.3161057692307692 0.052884615384615384 0.08173076923076923
0 0.49399038461538464 0.4206730769230769 0.0673076923076923 0.10576923076923077
0 0.33653846153846156 0.3737980769230769 0.04807692307692308 0.07932692307692307
0 0.08533653846153846 0.3954326923076923 0.0625 0.10096153846153846
0 0.04927884615384615 0.3737980769230769 0.055288461538461536 0.08173076923076923