1 0.4699519230769231 0.06370192307692307 0.0889423076923077 0.12740384615384615
1 0.28846153846153844 0.11177884615384616 0.20192307692307693 0.22355769230769232
1 0.578125 0.09735576923076923 0.12259615384615384 0.19230769230769232
1 0.109375 0.09254807692307693 0.1466346153846154 0.18509615384615385
1 0.8990384615384616 0.17427884615384615 0.07692307692307693 0.12980769230769232
1 0.6382211538461539 0.21875 0.1658653846153846 0.2668269230769231
1 0.5120192307692307 0.10576923076923077 0.0625 0.11298076923076923
1 0.19110576923076922 0.057692307692307696 0.07932692307692307 0.11538461538461539
1 0.8293269230769231 0.18389423076923078 0.052884615384615384 0.0985576923076923
1 0.7608173076923077 0.17307692307692307 0.04807692307692308 0.08653846153846154
1 0.7175480769230769 0.15985576923076922 0.052884615384615384 0.09615384615384616
1 0.8653846153846154 0.15625 0.057692307692307696 0.09134615384615384