0 0.8689903846153846 0.20192307692307693 0.20673076923076922 0.3004807692307692
0 0.20432692307692307 0.25961538461538464 0.1778846153846154 0.2692307692307692
0 0.3641826923076923 0.2980769230769231 0.10817307692307693 0.1778846153846154
0 0.6274038461538461 0.32572115384615385 0.1346153846153846 0.21394230769230768
0 0.4963942307692308 0.3088942307692308 0.0889423076923077 0.1346153846153846
0 0.7584134615384616 0.31009615384615385 0.055288461538461536 0.08413461538461539
0 0.703125 0.3016826923076923 0.057692307692307696 0.09375
0 0.35336538461538464 0.03365384615384615 0.038461538461538464 0.038461538461538464
0 0.296875 0.04927884615384615 0.038461538461538464 0.05048076923076923
0 0.2403846153846154 0.06129807692307692 0.03365384615384615 0.055288461538461536
0 0.7019230769230769 0.12259615384615384 0.038461538461538464 0.055288461538461536
0 0.6382211538461539 0.008413461538461538 0.03125 0.016826923076923076
0 0.6057692307692307 0.007211538461538462 0.028846153846153848 0.014423076923076924
0 0.5504807692307693 0.003605769230769231 0.028846153846153848 0.007211538461538462
0 0.5709134615384616 0.010817307692307692 0.026442307692307692 0.021634615384615384
0 0.5865384615384616 0.016826923076923076 0.028846153846153848 0.03365384615384615