0 0.8737980769230769 0.2980769230769231 0.18028846153846154 0.2932692307692308
0 0.18509615384615385 0.22596153846153846 0.15384615384615385 0.2644230769230769
0 0.34134615384615385 0.2956730769230769 0.09134615384615384 0.1778846153846154
0 0.6033653846153846 0.3762019230769231 0.11538461538461539 0.21153846153846154
0 0.4735576923076923 0.3329326923076923 0.07692307692307693 0.1346153846153846
0 0.7391826923076923 0.3870192307692308 0.05048076923076923 0.08173076923076923
0 0.6850961538461539 0.36658653846153844 0.05048076923076923 0.09134615384615384
0 0.38100961538461536 0.021634615384615384 0.036057692307692304 0.04326923076923077
0 0.3233173076923077 0.026442307692307692 0.036057692307692304 0.052884615384615384
0 0.2620192307692308 0.028846153846153848 0.028846153846153848 0.057692307692307696
0 0.71875 0.18509615384615385 0.03365384615384615 0.055288461538461536
0 0.6802884615384616 0.03485576923076923 0.028846153846153848 0.057692307692307696
0 0.6490384615384616 0.03365384615384615 0.026442307692307692 0.04326923076923077
0 0.5901442307692307 0.019230769230769232 0.026442307692307692 0.03365384615384615
0 0.609375 0.030048076923076924 0.02403846153846154 0.052884615384615384
0 0.6237980769230769 0.04567307692307692 0.02403846153846154 0.05048076923076923