1 0.5120192307692307 0.2920673076923077 0.08413461538461539 0.15144230769230768
1 0.6478365384615384 0.30528846153846156 0.07932692307692307 0.14182692307692307
1 0.9471153846153846 0.3473557692307692 0.09375 0.15144230769230768
1 0.31009615384615385 0.28365384615384615 0.08173076923076923 0.14182692307692307
1 0.7884615384615384 0.3701923076923077 0.07211538461538461 0.11538461538461539
1 0.4579326923076923 0.3329326923076923 0.06009615384615385 0.10336538461538461
1 0.11298076923076923 0.32091346153846156 0.04807692307692308 0.10817307692307693
1 0.8725961538461539 0.39302884615384615 0.057692307692307696 0.0889423076923077
1 0.5661057692307693 0.37259615384615385 0.06009615384615385 0.10817307692307693
1 0.22596153846153846 0.3401442307692308 0.06009615384615385 0.10817307692307693
1 0.1502403846153846 0.3557692307692308 0.04807692307692308 0.08413461538461539
1 0.08413461538461539 0.3329326923076923 0.038461538461538464 0.10576923076923077
1 0.6971153846153846 0.35697115384615385 0.057692307692307696 0.12980769230769232
1 0.8233173076923077 0.39663461538461536 0.04807692307692308 0.10336538461538461