1 0.8653846153846154 0.7043269230769231 0.07451923076923077 0.10336538461538461
1 0.5228365384615384 0.6550480769230769 0.057692307692307696 0.0889423076923077
1 0.03125 0.35336538461538464 0.03365384615384615 0.04807692307692308
1 0.10697115384615384 0.42908653846153844 0.03365384615384615 0.052884615384615384
1 0.17307692307692307 0.48197115384615385 0.03125 0.04567307692307692
1 0.26802884615384615 0.5072115384615384 0.036057692307692304 0.04807692307692308
1 0.5913461538461539 0.5228365384615384 0.03365384615384615 0.057692307692307696
1 0.8497596153846154 0.2608173076923077 0.038461538461538464 0.055288461538461536
1 0.7331730769230769 0.37259615384615385 0.03365384615384615 0.057692307692307696
1 0.6634615384615384 0.42788461538461536 0.028846153846153848 0.057692307692307696
1 0.6875 0.47115384615384615 0.03365384615384615 0.052884615384615384