1 0.4014423076923077 0.052884615384615384 0.08173076923076923 0.0985576923076923
1 0.22716346153846154 0.125 0.19230769230769232 0.21875
1 0.515625 0.07091346153846154 0.11298076923076923 0.14182692307692307
1 0.057692307692307696 0.1346153846153846 0.11538461538461539 0.20192307692307693
1 0.8473557692307693 0.06009615384615385 0.07451923076923077 0.1201923076923077
1 0.5997596153846154 0.15504807692307693 0.15865384615384615 0.2644230769230769
1 0.4519230769230769 0.06850961538461539 0.057692307692307696 0.11298076923076923
1 0.1201923076923077 0.08774038461538461 0.06971153846153846 0.11778846153846154
1 0.7800480769230769 0.07932692307692307 0.04807692307692308 0.0985576923076923
1 0.7115384615384616 0.08413461538461539 0.04567307692307692 0.08653846153846154
1 0.6658653846153846 0.08052884615384616 0.052884615384615384 0.09375
1 0.8112980769230769 0.04447115384615385 0.055288461538461536 0.0889423076923077