1 0.7091346153846154 0.3004807692307692 0.0673076923076923 0.15625
1 0.5637019230769231 0.2824519230769231 0.0673076923076923 0.1346153846153846
1 0.06610576923076923 0.24879807692307693 0.07692307692307693 0.14903846153846154
1 0.4074519230769231 0.25961538461538464 0.0673076923076923 0.12980769230769232
1 0.21153846153846154 0.30288461538461536 0.0673076923076923 0.1346153846153846
1 0.3173076923076923 0.24879807692307693 0.057692307692307696 0.1201923076923077
1 0.1310096153846154 0.29447115384615385 0.057692307692307696 0.10336538461538461
0 0.9134615384615384 0.3389423076923077 0.05048076923076923 0.10096153846153846
1 0.008413461538461538 0.29927884615384615 0.009615384615384616 0.10336538461538461
1 0.2776442307692308 0.2980769230769231 0.04326923076923077 0.09375
0 0.4795673076923077 0.28125 0.05048076923076923 0.11057692307692307
0 0.6201923076923077 0.3317307692307692 0.03365384615384615 0.07451923076923077
0 0.8233173076923077 0.359375 0.028846153846153848 0.0625
0 0.8713942307692307 0.3557692307692308 0.036057692307692304 0.0625
0 0.9747596153846154 0.33413461538461536 0.05048076923076923 0.08653846153846154
0 0.6538461538461539 0.3389423076923077 0.026442307692307692 0.06009615384615385