0 0.027644230769230768 0.5480769230769231 0.055288461538461536 0.1778846153846154
0 0.3269230769230769 0.49158653846153844 0.09615384615384616 0.15625
0 0.8293269230769231 0.4098557692307692 0.09134615384615384 0.13701923076923078
0 0.16826923076923078 0.5612980769230769 0.16826923076923078 0.28125
0 0.7283653846153846 0.46033653846153844 0.13942307692307693 0.21153846153846154
0 0.5817307692307693 0.4230769230769231 0.0673076923076923 0.10336538461538461
0 0.4519230769230769 0.32572115384615385 0.0625 0.09134615384615384
0 0.4639423076923077 0.4375 0.08173076923076923 0.11778846153846154
0 0.6262019230769231 0.37259615384615385 0.057692307692307696 0.0889423076923077
0 0.8954326923076923 0.3713942307692308 0.07692307692307693 0.11298076923076923
0 0.9314903846153846 0.3449519230769231 0.0673076923076923 0.09375