0 0.8509615384615384 0.24879807692307693 0.1778846153846154 0.2956730769230769
0 0.15144230769230768 0.21153846153846154 0.14903846153846154 0.2644230769230769
0 0.3125 0.27524038461538464 0.0889423076923077 0.1778846153846154
0 0.5817307692307693 0.3425480769230769 0.11298076923076923 0.21153846153846154
0 0.4483173076923077 0.30528846153846156 0.07692307692307693 0.1346153846153846
0 0.7211538461538461 0.34615384615384615 0.04807692307692308 0.08173076923076923
0 0.6646634615384616 0.3293269230769231 0.04807692307692308 0.09134615384615384
0 0.3389423076923077 0.009615384615384616 0.036057692307692304 0.014423076923076924
0 0.2800480769230769 0.016826923076923076 0.03365384615384615 0.026442307692307692
0 0.21754807692307693 0.021634615384615384 0.026442307692307692 0.03365384615384615
0 0.6887019230769231 0.14302884615384615 0.03125 0.055288461538461536
0 0.640625 0.010817307692307692 0.026442307692307692 0.021634615384615384
0 0.609375 0.007211538461538462 0.026442307692307692 0.014423076923076924
0 0.5697115384615384 0.008413461538461538 0.02403846153846154 0.016826923076923076
0 0.5841346153846154 0.015625 0.02403846153846154 0.03125