1 0.6586538461538461 0.35216346153846156 0.06490384615384616 0.14423076923076922
1 0.5240384615384616 0.34375 0.06490384615384616 0.12259615384615384
1 0.06971153846153846 0.33533653846153844 0.07211538461538461 0.13701923076923078
1 0.38221153846153844 0.3293269230769231 0.0625 0.1201923076923077
1 0.20432692307692307 0.3786057692307692 0.0625 0.12259615384615384
1 0.2980769230769231 0.3245192307692308 0.055288461538461536 0.11057692307692307
1 0.13221153846153846 0.375 0.052884615384615384 0.09615384615384616
0 0.8461538461538461 0.3786057692307692 0.04807692307692308 0.09375
1 0.01201923076923077 0.38461538461538464 0.02403846153846154 0.09615384615384616
1 0.265625 0.3713942307692308 0.040865384615384616 0.08653846153846154
0 0.4483173076923077 0.34615384615384615 0.04807692307692308 0.10336538461538461
0 0.5793269230769231 0.3858173076923077 0.03125 0.0673076923076923
0 0.7644230769230769 0.4014423076923077 0.028846153846153848 0.057692307692307696
0 0.8076923076923077 0.39663461538461536 0.03365384615384615 0.057692307692307696
0 0.9050480769230769 0.37259615384615385 0.04807692307692308 0.07932692307692307
0 0.609375 0.3918269230769231 0.026442307692307692 0.055288461538461536
0 0.9399038461538461 0.375 0.03125 0.057692307692307696
0 0.9747596153846154 0.375 0.028846153846153848 0.0625