0 0.17668269230769232 0.2776442307692308 0.07932692307692307 0.15625
0 0.07692307692307693 0.2127403846153846 0.07211538461538461 0.11298076923076923
0 0.7223557692307693 0.1814903846153846 0.07451923076923077 0.13942307692307693
0 0.23677884615384615 0.19471153846153846 0.06490384615384616 0.13942307692307693
0 0.9266826923076923 0.3870192307692308 0.12259615384615384 0.2620192307692308
0 0.8617788461538461 0.22716346153846154 0.0625 0.10336538461538461
0 0.8004807692307693 0.26802884615384615 0.08413461538461539 0.1875
0 0.040865384615384616 0.3329326923076923 0.07692307692307693 0.21153846153846154
0 0.09975961538461539 0.3112980769230769 0.07211538461538461 0.21153846153846154
0 0.49278846153846156 0.16947115384615385 0.055288461538461536 0.10817307692307693
0 0.7524038461538461 0.2644230769230769 0.04807692307692308 0.17307692307692307