0 0.1502403846153846 0.2860576923076923 0.08413461538461539 0.16105769230769232
0 0.04447115384615385 0.2247596153846154 0.07451923076923077 0.11778846153846154
0 0.6995192307692307 0.15865384615384615 0.07932692307692307 0.14423076923076922
0 0.20673076923076922 0.19831730769230768 0.06971153846153846 0.1466346153846154
0 0.9194711538461539 0.359375 0.12980769230769232 0.27163461538461536
0 0.8449519230769231 0.19831730769230768 0.06490384615384616 0.10817307692307693
0 0.7860576923076923 0.2439903846153846 0.0889423076923077 0.19471153846153846
0 0.027644230769230768 0.34975961538461536 0.055288461538461536 0.21875
0 0.07211538461538461 0.3245192307692308 0.07692307692307693 0.21875
0 0.46634615384615385 0.15865384615384615 0.06009615384615385 0.11057692307692307
0 0.7367788461538461 0.24158653846153846 0.052884615384615384 0.18028846153846154