1 0.6875 0.36778846153846156 0.06971153846153846 0.10817307692307693
0 0.09134615384615384 0.23798076923076922 0.10336538461538461 0.16346153846153846
0 0.2920673076923077 0.2932692307692308 0.07451923076923077 0.11778846153846154
0 0.4375 0.27524038461538464 0.07211538461538461 0.11778846153846154
0 0.7788461538461539 0.39302884615384615 0.057692307692307696 0.10576923076923077
0 0.9026442307692307 0.39302884615384615 0.07451923076923077 0.10576923076923077
0 0.7427884615384616 0.3641826923076923 0.052884615384615384 0.08413461538461539
0 0.6358173076923077 0.3605769230769231 0.052884615384615384 0.08653846153846154
0 0.5997596153846154 0.36778846153846156 0.04326923076923077 0.08653846153846154
0 0.5709134615384616 0.36177884615384615 0.038461538461538464 0.055288461538461536
0 0.5072115384615384 0.3173076923076923 0.0625 0.10336538461538461