1 0.3016826923076923 0.47475961538461536 0.07211538461538461 0.08653846153846154
1 0.20192307692307693 0.49038461538461536 0.0673076923076923 0.0985576923076923
0 0.2512019230769231 0.5192307692307693 0.0673076923076923 0.09615384615384616
0 0.4230769230769231 0.47716346153846156 0.055288461538461536 0.07211538461538461
0 0.578125 0.47115384615384615 0.04567307692307692 0.06971153846153846
0 0.5408653846153846 0.4375 0.04807692307692308 0.06490384615384616
0 0.5012019230769231 0.4483173076923077 0.038461538461538464 0.057692307692307696
0 0.2764423076923077 0.5048076923076923 0.04326923076923077 0.07932692307692307
1 0.5973557692307693 0.42788461538461536 0.04567307692307692 0.07451923076923077
1 0.734375 0.4338942307692308 0.055288461538461536 0.08173076923076923
1 0.8137019230769231 0.41947115384615385 0.05048076923076923 0.07451923076923077
0 0.6802884615384616 0.4567307692307692 0.06009615384615385 0.07692307692307693
0 0.7980769230769231 0.4891826923076923 0.0673076923076923 0.0889423076923077
0 0.9206730769230769 0.43028846153846156 0.040865384615384616 0.057692307692307696
0 0.9891826923076923 0.42908653846153844 0.016826923076923076 0.055288461538461536