1 0.11177884615384616 0.3004807692307692 0.11538461538461539 0.1778846153846154
1 0.8822115384615384 0.18269230769230768 0.10096153846153846 0.16105769230769232
1 0.3329326923076923 0.2980769230769231 0.0985576923076923 0.15625
1 0.6370192307692307 0.23677884615384615 0.09615384615384616 0.15625
1 0.4675480769230769 0.28125 0.09375 0.1658653846153846
1 0.5180288461538461 0.25961538461538464 0.07932692307692307 0.15144230769230768
1 0.26322115384615385 0.359375 0.06490384615384616 0.0985576923076923
0 0.7716346153846154 0.2247596153846154 0.0889423076923077 0.1201923076923077
0 0.7091346153846154 0.23197115384615385 0.06009615384615385 0.09134615384615384
1 0.2091346153846154 0.359375 0.057692307692307696 0.0985576923076923
0 0.8461538461538461 0.203125 0.057692307692307696 0.09375
0 0.9266826923076923 0.2127403846153846 0.0625 0.1201923076923077
0 0.39903846153846156 0.3112980769230769 0.052884615384615384 0.0625
0 0.5649038461538461 0.2692307692307692 0.04807692307692308 0.07451923076923077