1 0.5144230769230769 0.3449519230769231 0.06490384615384616 0.1201923076923077
1 0.3629807692307692 0.3449519230769231 0.0625 0.12259615384615384
1 0.24278846153846154 0.3389423076923077 0.06490384615384616 0.1201923076923077
1 0.9723557692307693 0.35096153846153844 0.052884615384615384 0.11057692307692307
1 0.7487980769230769 0.35096153846153844 0.055288461538461536 0.09615384615384616
1 0.10817307692307693 0.32211538461538464 0.0625 0.11298076923076923
1 0.6766826923076923 0.3329326923076923 0.052884615384615384 0.11538461538461539
1 0.30288461538461536 0.3581730769230769 0.038461538461538464 0.0673076923076923
0 0.5829326923076923 0.35336538461538464 0.04326923076923077 0.0673076923076923
1 0.8966346153846154 0.3401442307692308 0.026442307692307692 0.06009615384615385
1 0.8341346153846154 0.33533653846153844 0.05048076923076923 0.08653846153846154
1 0.20192307692307693 0.35216346153846156 0.03125 0.0673076923076923
1 0.038461538461538464 0.37259615384615385 0.03365384615384615 0.06009615384615385