0 0.9326923076923077 0.4375 0.1346153846153846 0.23076923076923078
0 0.14182692307692307 0.39903846153846156 0.08173076923076923 0.125
0 0.7848557692307693 0.3485576923076923 0.07692307692307693 0.11298076923076923
0 0.3293269230769231 0.328125 0.057692307692307696 0.08413461538461539
0 0.3713942307692308 0.33653846153846156 0.04807692307692308 0.07451923076923077
0 0.7391826923076923 0.3076923076923077 0.05048076923076923 0.07451923076923077
0 0.6358173076923077 0.28725961538461536 0.03365384615384615 0.04326923076923077
0 0.42788461538461536 0.31009615384615385 0.04807692307692308 0.06971153846153846
0 0.4735576923076923 0.29447115384615385 0.03365384615384615 0.057692307692307696
0 0.49158653846153844 0.29927884615384615 0.019230769230769232 0.052884615384615384
0 0.5096153846153846 0.3004807692307692 0.02403846153846154 0.055288461538461536
0 0.5384615384615384 0.28725961538461536 0.028846153846153848 0.04807692307692308
0 0.5757211538461539 0.296875 0.03365384615384615 0.052884615384615384