1 0.5264423076923077 0.38822115384615385 0.0673076923076923 0.11778846153846154
1 0.6682692307692307 0.39783653846153844 0.0673076923076923 0.1201923076923077
1 0.7836538461538461 0.39663461538461536 0.0673076923076923 0.11778846153846154
1 0.0889423076923077 0.37259615384615385 0.06009615384615385 0.10576923076923077
1 0.3016826923076923 0.38341346153846156 0.057692307692307696 0.09375
1 0.9098557692307693 0.3870192307692308 0.0673076923076923 0.11057692307692307
1 0.3713942307692308 0.36899038461538464 0.055288461538461536 0.11298076923076923
1 0.7259615384615384 0.41225961538461536 0.040865384615384616 0.06490384615384616
0 0.46033653846153844 0.39302884615384615 0.04326923076923077 0.06490384615384616
1 0.16346153846153846 0.36538461538461536 0.028846153846153848 0.057692307692307696
1 0.22235576923076922 0.3641826923076923 0.05048076923076923 0.08413461538461539
1 0.8209134615384616 0.4110576923076923 0.03365384615384615 0.06490384615384616
1 0.9747596153846154 0.4387019230769231 0.036057692307692304 0.057692307692307696