1 0.8365384615384616 0.25 0.09375 0.17067307692307693
1 0.05048076923076923 0.2403846153846154 0.08173076923076923 0.15384615384615385
1 0.6165865384615384 0.27884615384615385 0.07932692307692307 0.15144230769230768
1 0.30408653846153844 0.2608173076923077 0.07692307692307693 0.15144230769230768
1 0.4795673076923077 0.28125 0.07211538461538461 0.15865384615384615
1 0.42788461538461536 0.2668269230769231 0.0625 0.1466346153846154
1 0.6947115384615384 0.3329326923076923 0.052884615384615384 0.09375
0 0.16947115384615385 0.26802884615384615 0.07692307692307693 0.11538461538461539
0 0.23197115384615385 0.2668269230769231 0.04807692307692308 0.08653846153846154
1 0.7487980769230769 0.3245192307692308 0.04567307692307692 0.09375
0 0.09134615384615384 0.25721153846153844 0.04567307692307692 0.09134615384615384
0 0.020432692307692308 0.2776442307692308 0.03125 0.11538461538461539
0 0.5528846153846154 0.3016826923076923 0.04567307692307692 0.057692307692307696
0 0.3798076923076923 0.2824519230769231 0.038461538461538464 0.06971153846153846