1 0.35336538461538464 0.3473557692307692 0.06009615384615385 0.0985576923076923
0 0.921875 0.3641826923076923 0.09134615384615384 0.14903846153846154
0 0.7259615384615384 0.36899038461538464 0.0673076923076923 0.10817307692307693
0 0.5997596153846154 0.31971153846153844 0.06490384615384616 0.10817307692307693
0 0.265625 0.34975961538461536 0.05048076923076923 0.0985576923076923
0 0.15384615384615385 0.32091346153846156 0.0673076923076923 0.09615384615384616
0 0.30528846153846156 0.33052884615384615 0.04807692307692308 0.07692307692307693
0 0.4014423076923077 0.35216346153846156 0.04567307692307692 0.07932692307692307
0 0.4326923076923077 0.36778846153846156 0.038461538461538464 0.07932692307692307
0 0.46033653846153844 0.36899038461538464 0.036057692307692304 0.05048076923076923
0 0.5276442307692307 0.3425480769230769 0.055288461538461536 0.09375