1 0.6947115384615384 0.4423076923076923 0.06971153846153846 0.08173076923076923
1 0.7932692307692307 0.43990384615384615 0.0625 0.09615384615384616
0 0.7512019230769231 0.47475961538461536 0.0625 0.09134615384615384
0 0.5793269230769231 0.4639423076923077 0.05048076923076923 0.0673076923076923
0 0.43149038461538464 0.484375 0.04326923076923077 0.06490384615384616
0 0.46153846153846156 0.44711538461538464 0.04326923076923077 0.0625
0 0.5 0.45072115384615385 0.036057692307692304 0.055288461538461536
0 0.7247596153846154 0.4675480769230769 0.038461538461538464 0.07451923076923077
1 0.40625 0.44591346153846156 0.04326923076923077 0.07211538461538461
1 0.2764423076923077 0.47596153846153844 0.052884615384615384 0.07692307692307693
1 0.19831730769230768 0.47475961538461536 0.04567307692307692 0.07211538461538461
0 0.3317307692307692 0.4891826923076923 0.055288461538461536 0.07211538461538461
0 0.2247596153846154 0.5396634615384616 0.0625 0.08413461538461539
0 0.09735576923076923 0.5036057692307693 0.038461538461538464 0.055288461538461536
0 0.020432692307692308 0.5144230769230769 0.040865384615384616 0.057692307692307696