1 0.703125 0.3293269230769231 0.057692307692307696 0.10096153846153846
0 0.09375 0.29447115384615385 0.08653846153846154 0.15384615384615385
0 0.3016826923076923 0.31850961538461536 0.0625 0.11057692307692307
0 0.4411057692307692 0.2776442307692308 0.06009615384615385 0.11057692307692307
0 0.796875 0.34134615384615385 0.04567307692307692 0.10096153846153846
0 0.9182692307692307 0.32091346153846156 0.06490384615384616 0.0985576923076923
0 0.7560096153846154 0.3161057692307692 0.04567307692307692 0.07932692307692307
0 0.6514423076923077 0.33052884615384615 0.04326923076923077 0.08173076923076923
0 0.6165865384615384 0.34375 0.03365384615384615 0.08173076923076923
0 0.5865384615384616 0.3425480769230769 0.03365384615384615 0.052884615384615384
0 0.5168269230769231 0.3088942307692308 0.05048076923076923 0.0985576923076923