0 0.8137019230769231 0.20793269230769232 0.0889423076923077 0.17067307692307693
0 0.921875 0.1346153846153846 0.07932692307692307 0.12740384615384615
0 0.21754807692307693 0.1141826923076923 0.08413461538461539 0.15144230769230768
0 0.7463942307692307 0.11899038461538461 0.07211538461538461 0.15625
0 0.03245192307692308 0.3401442307692308 0.06490384615384616 0.2860576923076923
0 0.06370192307692307 0.1658653846153846 0.06971153846153846 0.11538461538461539
0 0.1310096153846154 0.21033653846153846 0.09375 0.20673076923076922
0 0.9567307692307693 0.2668269230769231 0.07692307692307693 0.23076923076923078
0 0.8990384615384616 0.24278846153846154 0.08173076923076923 0.23317307692307693
0 0.46634615384615385 0.09615384615384616 0.0625 0.11778846153846154
0 0.18389423076923078 0.20432692307692307 0.055288461538461536 0.19230769230769232