0 0.8689903846153846 0.3076923076923077 0.13221153846153846 0.18990384615384615
0 0.15264423076923078 0.23798076923076922 0.08413461538461539 0.14903846153846154
0 0.4639423076923077 0.24278846153846154 0.10576923076923077 0.18028846153846154
0 0.6935096153846154 0.2548076923076923 0.1201923076923077 0.1778846153846154
0 0.29086538461538464 0.18509615384615385 0.13701923076923078 0.22596153846153846
0 0.06129807692307692 0.19471153846153846 0.07211538461538461 0.14423076923076922
0 0.5108173076923077 0.3004807692307692 0.055288461538461536 0.11057692307692307
0 0.4074519230769231 0.25600961538461536 0.055288461538461536 0.11057692307692307
0 0.9435096153846154 0.34975961538461536 0.06490384615384616 0.11057692307692307
0 0.7908653846153846 0.3269230769230769 0.04326923076923077 0.07692307692307693
0 0.9891826923076923 0.375 0.021634615384615384 0.11538461538461539
0 0.5612980769230769 0.3088942307692308 0.040865384615384616 0.0673076923076923
0 0.375 0.2704326923076923 0.052884615384615384 0.09134615384615384
0 0.6081730769230769 0.33653846153846156 0.052884615384615384 0.08653846153846154
0 0.6382211538461539 0.28125 0.04567307692307692 0.09615384615384616
0 0.05048076923076923 0.13701923076923078 0.04326923076923077 0.1971153846153846