0 0.9771634615384616 0.59375 0.036057692307692304 0.07211538461538461
0 0.8954326923076923 0.6033653846153846 0.03125 0.04807692307692308
0 0.8125 0.5853365384615384 0.021634615384615384 0.04567307692307692
0 0.8569711538461539 0.5829326923076923 0.055288461538461536 0.09375
0 0.7067307692307693 0.5240384615384616 0.052884615384615384 0.0889423076923077
0 0.6610576923076923 0.5036057692307693 0.040865384615384616 0.0673076923076923
0 0.6766826923076923 0.5276442307692307 0.03125 0.06009615384615385
0 0.6177884615384616 0.5048076923076923 0.04326923076923077 0.06009615384615385
0 0.5528846153846154 0.5060096153846154 0.04567307692307692 0.07932692307692307
0 0.5060096153846154 0.4795673076923077 0.06971153846153846 0.11057692307692307
0 0.13341346153846154 0.38461538461538464 0.04807692307692308 0.07451923076923077
0 0.3473557692307692 0.43028846153846156 0.06009615384615385 0.09375