0 0.06850961538461539 0.453125 0.05048076923076923 0.07211538461538461
0 0.13701923076923078 0.42427884615384615 0.0625 0.08653846153846154
0 0.265625 0.43028846153846156 0.05048076923076923 0.07451923076923077
0 0.6658653846153846 0.4338942307692308 0.06971153846153846 0.10817307692307693
0 0.9375 0.46875 0.125 0.16346153846153846
0 0.8786057692307693 0.44591346153846156 0.038461538461538464 0.06490384615384616
0 0.8161057692307693 0.43149038461538464 0.052884615384615384 0.0889423076923077
0 0.7439903846153846 0.45072115384615385 0.040865384615384616 0.0625
0 0.6262019230769231 0.4362980769230769 0.040865384615384616 0.09375
0 0.5757211538461539 0.46634615384615385 0.057692307692307696 0.09375
0 0.5432692307692307 0.46875 0.038461538461538464 0.0625
0 0.4855769230769231 0.4483173076923077 0.06490384615384616 0.0889423076923077
0 0.36538461538461536 0.43990384615384615 0.06009615384615385 0.07451923076923077