0 0.9555288461538461 0.4230769230769231 0.04807692307692308 0.06971153846153846
0 0.8894230769230769 0.3954326923076923 0.06009615384615385 0.08173076923076923
0 0.7644230769230769 0.4050480769230769 0.04807692307692308 0.07211538461538461
0 0.37740384615384615 0.41346153846153844 0.06490384615384616 0.10576923076923077
0 0.11177884615384616 0.453125 0.125 0.15625
0 0.17067307692307693 0.43028846153846156 0.036057692307692304 0.0625
0 0.23197115384615385 0.41466346153846156 0.04807692307692308 0.08653846153846154
0 0.3016826923076923 0.4326923076923077 0.038461538461538464 0.057692307692307696
0 0.41586538461538464 0.4170673076923077 0.038461538461538464 0.09134615384615384
0 0.4651442307692308 0.44471153846153844 0.052884615384615384 0.09134615384615384
0 0.49759615384615385 0.44591346153846156 0.036057692307692304 0.057692307692307696
0 0.5516826923076923 0.4254807692307692 0.0625 0.08653846153846154
0 0.6682692307692307 0.41466346153846156 0.057692307692307696 0.07211538461538461