1 0.13701923076923078 0.4026442307692308 0.057692307692307696 0.0985576923076923
1 0.7536057692307693 0.42427884615384615 0.05048076923076923 0.08653846153846154
1 0.06971153846153846 0.36899038461538464 0.06009615384615385 0.10336538461538461
1 0.24639423076923078 0.390625 0.04567307692307692 0.09375
1 0.33533653846153844 0.40625 0.04807692307692308 0.09375
1 0.375 0.42427884615384615 0.038461538461538464 0.07211538461538461
1 0.44350961538461536 0.42427884615384615 0.03125 0.0625
1 0.47716346153846156 0.40625 0.040865384615384616 0.08413461538461539
1 0.5168269230769231 0.4182692307692308 0.03125 0.08413461538461539
1 0.5492788461538461 0.40384615384615385 0.04567307692307692 0.09375
1 0.5841346153846154 0.42908653846153844 0.040865384615384616 0.08413461538461539
1 0.6526442307692307 0.4254807692307692 0.04807692307692308 0.0889423076923077
1 0.703125 0.4230769230769231 0.04807692307692308 0.08653846153846154