0 0.1141826923076923 0.36899038461538464 0.09375 0.17067307692307693
0 0.3605769230769231 0.3701923076923077 0.0625 0.14182692307692307
0 0.4831730769230769 0.4014423076923077 0.06971153846153846 0.14182692307692307
0 0.23197115384615385 0.36177884615384615 0.0673076923076923 0.12980769230769232
0 0.4206730769230769 0.39783653846153844 0.055288461538461536 0.12259615384615384
0 0.7247596153846154 0.38822115384615385 0.055288461538461536 0.12980769230769232
0 0.8533653846153846 0.42908653846153844 0.06009615384615385 0.1346153846153846
0 0.7740384615384616 0.4362980769230769 0.052884615384615384 0.11538461538461539
0 0.6838942307692307 0.41346153846153844 0.05048076923076923 0.10817307692307693
0 0.625 0.39663461538461536 0.04807692307692308 0.09134615384615384
0 0.020432692307692308 0.3641826923076923 0.038461538461538464 0.09134615384615384
0 0.32211538461538464 0.37740384615384615 0.038461538461538464 0.09375
0 0.2848557692307692 0.3870192307692308 0.038461538461538464 0.0985576923076923