0 0.4855769230769231 0.3737980769230769 0.04807692307692308 0.09134615384615384
0 0.9170673076923077 0.3137019230769231 0.0673076923076923 0.10817307692307693
0 0.7668269230769231 0.3485576923076923 0.0625 0.10096153846153846
0 0.7980769230769231 0.33413461538461536 0.040865384615384616 0.07451923076923077
0 0.6971153846153846 0.3317307692307692 0.052884615384615384 0.09615384615384616
0 0.6694711538461539 0.36538461538461536 0.05048076923076923 0.07932692307692307
0 0.6213942307692307 0.38461538461538464 0.052884615384615384 0.09615384615384616
0 0.578125 0.38822115384615385 0.04567307692307692 0.08653846153846154
0 0.2932692307692308 0.3858173076923077 0.0673076923076923 0.10096153846153846
0 0.001201923076923077 0.4375 0.002403846153846154 0.07211538461538461
0 0.10576923076923077 0.43990384615384615 0.057692307692307696 0.09134615384615384
0 0.20552884615384615 0.4026442307692308 0.05048076923076923 0.09134615384615384