1 0.8365384615384616 0.45072115384615385 0.06009615384615385 0.0985576923076923
1 0.24759615384615385 0.38822115384615385 0.052884615384615384 0.08653846153846154
1 0.9038461538461539 0.42788461538461536 0.06490384615384616 0.10336538461538461
1 0.7331730769230769 0.42427884615384615 0.05048076923076923 0.09134615384615384
1 0.6466346153846154 0.4266826923076923 0.052884615384615384 0.09134615384615384
1 0.6069711538461539 0.4387019230769231 0.040865384615384616 0.07211538461538461
1 0.5408653846153846 0.43028846153846156 0.03365384615384615 0.0625
1 0.5120192307692307 0.40865384615384615 0.04567307692307692 0.08173076923076923
1 0.4723557692307692 0.41466346153846156 0.03365384615384615 0.08413461538461539
1 0.44471153846153844 0.39663461538461536 0.05048076923076923 0.09134615384615384
1 0.40625 0.41586538461538464 0.04567307692307692 0.08173076923076923
1 0.3425480769230769 0.40384615384615385 0.052884615384615384 0.0889423076923077
1 0.29447115384615385 0.3942307692307692 0.05048076923076923 0.08653846153846154