1 0.7512019230769231 0.45913461538461536 0.07211538461538461 0.11778846153846154
1 0.19831730769230768 0.5492788461538461 0.07932692307692307 0.10336538461538461
1 0.4963942307692308 0.4675480769230769 0.06490384615384616 0.11057692307692307
1 0.6430288461538461 0.4699519230769231 0.0673076923076923 0.10096153846153846
1 0.36177884615384615 0.48197115384615385 0.07211538461538461 0.10336538461538461
1 0.4326923076923077 0.49038461538461536 0.0673076923076923 0.10817307692307693
1 0.2644230769230769 0.3401442307692308 0.07932692307692307 0.11298076923076923
1 0.36658653846153844 0.29927884615384615 0.07211538461538461 0.11057692307692307
1 0.5504807692307693 0.47716346153846156 0.06490384615384616 0.10817307692307693
1 0.4362980769230769 0.12259615384615384 0.06971153846153846 0.11057692307692307
1 0.2668269230769231 0.546875 0.07451923076923077 0.10817307692307693
1 0.8822115384615384 0.421875 0.07692307692307693 0.10096153846153846
1 0.8161057692307693 0.4014423076923077 0.06490384615384616 0.08653846153846154
1 0.7716346153846154 0.34375 0.055288461538461536 0.09375
1 0.6442307692307693 0.2956730769230769 0.0625 0.11298076923076923
1 0.53125 0.29447115384615385 0.055288461538461536 0.09615384615384616