0 0.9495192307692307 0.4891826923076923 0.028846153846153848 0.04807692307692308
0 0.8641826923076923 0.49038461538461536 0.021634615384615384 0.04807692307692308
0 0.90625 0.47716346153846156 0.052884615384615384 0.09375
0 0.7427884615384616 0.4543269230769231 0.052884615384615384 0.09134615384615384
0 0.6923076923076923 0.44350961538461536 0.040865384615384616 0.0673076923076923
0 0.7139423076923077 0.4639423076923077 0.03125 0.06009615384615385
0 0.6514423076923077 0.45552884615384615 0.04326923076923077 0.0625
0 0.5853365384615384 0.47115384615384615 0.04567307692307692 0.07932692307692307
0 0.5324519230769231 0.45552884615384615 0.06971153846153846 0.11298076923076923
0 0.14182692307692307 0.44711538461538464 0.04807692307692308 0.07451923076923077
0 0.3641826923076923 0.44350961538461536 0.06009615384615385 0.09615384615384616