1 0.9771634615384616 0.16706730769230768 0.04567307692307692 0.11778846153846154
1 0.5829326923076923 0.5637019230769231 0.06009615384615385 0.08653846153846154
1 0.21153846153846154 0.7247596153846154 0.07211538461538461 0.13221153846153846
1 0.38461538461538464 0.5288461538461539 0.04807692307692308 0.0625
1 0.4326923076923077 0.4963942307692308 0.052884615384615384 0.08173076923076923
1 0.9411057692307693 0.35336538461538464 0.06971153846153846 0.10817307692307693
1 0.5745192307692307 0.296875 0.057692307692307696 0.08653846153846154
1 0.25841346153846156 0.3701923076923077 0.06490384615384616 0.08653846153846154
1 0.35096153846153844 0.1875 0.052884615384615384 0.0889423076923077
1 0.9242788461538461 0.16826923076923078 0.05048076923076923 0.07932692307692307
1 0.4206730769230769 0.17427884615384615 0.04326923076923077 0.0625
1 0.2800480769230769 0.11778846153846154 0.036057692307692304 0.07932692307692307
1 0.3016826923076923 0.19591346153846154 0.05048076923076923 0.08413461538461539
1 0.8822115384615384 0.21634615384615385 0.04807692307692308 0.07692307692307693
1 0.6021634615384616 0.4230769230769231 0.052884615384615384 0.07211538461538461
1 0.65625 0.45552884615384615 0.040865384615384616 0.06971153846153846
1 0.6081730769230769 0.25600961538461536 0.040865384615384616 0.06009615384615385
1 0.625 0.453125 0.04567307692307692 0.07692307692307693