0 0.49158653846153844 0.4387019230769231 0.052884615384615384 0.0889423076923077
0 0.8990384615384616 0.3473557692307692 0.07451923076923077 0.10817307692307693
0 0.7584134615384616 0.3918269230769231 0.0673076923076923 0.0985576923076923
0 0.7860576923076923 0.37740384615384615 0.04326923076923077 0.07451923076923077
0 0.6899038461538461 0.38221153846153844 0.057692307692307696 0.09615384615384616
0 0.6658653846153846 0.4170673076923077 0.052884615384615384 0.07932692307692307
0 0.6213942307692307 0.4387019230769231 0.057692307692307696 0.09615384615384616
0 0.5817307692307693 0.44711538461538464 0.05048076923076923 0.08653846153846154
0 0.3088942307692308 0.4675480769230769 0.07211538461538461 0.10096153846153846
0 0.008413461538461538 0.5384615384615384 0.016826923076923076 0.07692307692307693
0 0.020432692307692308 0.5456730769230769 0.040865384615384616 0.07211538461538461
0 0.1346153846153846 0.5348557692307693 0.0625 0.0889423076923077
0 0.22596153846153846 0.49158653846153844 0.057692307692307696 0.0889423076923077