0 0.11298076923076923 0.3713942307692308 0.09134615384615384 0.17067307692307693
0 0.3629807692307692 0.36778846153846156 0.06009615384615385 0.14182692307692307
0 0.4879807692307692 0.39663461538461536 0.0673076923076923 0.14182692307692307
0 0.23317307692307693 0.36177884615384615 0.0673076923076923 0.12980769230769232
0 0.42427884615384615 0.3954326923076923 0.052884615384615384 0.12259615384615384
0 0.7307692307692307 0.38100961538461536 0.052884615384615384 0.12980769230769232
0 0.8617788461538461 0.4182692307692308 0.057692307692307696 0.1346153846153846
0 0.7824519230769231 0.42788461538461536 0.052884615384615384 0.11538461538461539
0 0.6911057692307693 0.40625 0.04807692307692308 0.10817307692307693
0 0.6298076923076923 0.3894230769230769 0.04807692307692308 0.09134615384615384
0 0.018028846153846152 0.36778846153846156 0.036057692307692304 0.09134615384615384
0 0.3233173076923077 0.37740384615384615 0.038461538461538464 0.09375
0 0.2860576923076923 0.3858173076923077 0.036057692307692304 0.09615384615384616