1 0.2824519230769231 0.5204326923076923 0.0625 0.11057692307692307
1 0.8197115384615384 0.47596153846153844 0.07211538461538461 0.09615384615384616
1 0.5228365384615384 0.46875 0.055288461538461536 0.10576923076923077
1 0.3858173076923077 0.5060096153846154 0.06009615384615385 0.09375
1 0.6514423076923077 0.45072115384615385 0.0625 0.09615384615384616
1 0.5865384615384616 0.47596153846153844 0.06009615384615385 0.10336538461538461
1 0.7103365384615384 0.296875 0.06971153846153846 0.10576923076923077
1 0.6057692307692307 0.2824519230769231 0.0625 0.10336538461538461
1 0.47475961538461536 0.49158653846153844 0.057692307692307696 0.10336538461538461
1 0.49759615384615385 0.1346153846153846 0.06009615384615385 0.10576923076923077
1 0.7560096153846154 0.4891826923076923 0.06490384615384616 0.10096153846153846
1 0.15144230769230768 0.5168269230769231 0.06971153846153846 0.09375
1 0.20793269230769232 0.48197115384615385 0.057692307692307696 0.08173076923076923
1 0.23557692307692307 0.4170673076923077 0.04807692307692308 0.08653846153846154
1 0.34375 0.34375 0.055288461538461536 0.10576923076923077
1 0.4495192307692308 0.31490384615384615 0.04567307692307692 0.09134615384615384