0 0.8473557692307693 0.32211538461538464 0.12980769230769232 0.1875
0 0.13341346153846154 0.2668269230769231 0.08173076923076923 0.1466346153846154
0 0.4423076923076923 0.2644230769230769 0.10096153846153846 0.1778846153846154
0 0.671875 0.27283653846153844 0.11538461538461539 0.17307692307692307
0 0.26802884615384615 0.21033653846153846 0.13221153846153846 0.22115384615384615
0 0.046875 0.22596153846153846 0.055288461538461536 0.14182692307692307
0 0.49038461538461536 0.32091346153846156 0.055288461538461536 0.11057692307692307
0 0.3870192307692308 0.27884615384615385 0.055288461538461536 0.11057692307692307
0 0.9230769230769231 0.3629807692307692 0.0625 0.11057692307692307
0 0.7704326923076923 0.3449519230769231 0.040865384615384616 0.07692307692307693
0 0.9795673076923077 0.3894230769230769 0.040865384615384616 0.11538461538461539
0 0.5408653846153846 0.3293269230769231 0.040865384615384616 0.06490384615384616
0 0.3545673076923077 0.2932692307692308 0.052884615384615384 0.09134615384615384
0 0.5889423076923077 0.3557692307692308 0.05048076923076923 0.08413461538461539
0 0.6177884615384616 0.29927884615384615 0.04326923076923077 0.09615384615384616