1 0.7127403846153846 0.4723557692307692 0.0625 0.11298076923076923
1 0.16826923076923078 0.5216346153846154 0.07211538461538461 0.09615384615384616
1 0.46274038461538464 0.46274038461538464 0.057692307692307696 0.10817307692307693
1 0.6057692307692307 0.47475961538461536 0.06009615384615385 0.09615384615384616
1 0.3317307692307692 0.4675480769230769 0.06490384615384616 0.0985576923076923
1 0.39903846153846156 0.4807692307692308 0.06009615384615385 0.10336538461538461
1 0.2439903846153846 0.3233173076923077 0.07211538461538461 0.10817307692307693
1 0.3473557692307692 0.28966346153846156 0.06490384615384616 0.10336538461538461
1 0.5144230769230769 0.47716346153846156 0.057692307692307696 0.10336538461538461
1 0.42788461538461536 0.12259615384615384 0.06009615384615385 0.10817307692307693
1 0.23317307692307693 0.5240384615384616 0.06490384615384616 0.10096153846153846
1 0.8413461538461539 0.44471153846153844 0.06971153846153846 0.09375
1 0.7788461538461539 0.4206730769230769 0.057692307692307696 0.08173076923076923
1 0.7403846153846154 0.3605769230769231 0.05048076923076923 0.0889423076923077
1 0.6177884615384616 0.30528846153846156 0.055288461538461536 0.10817307692307693
1 0.5084134615384616 0.2956730769230769 0.04807692307692308 0.09134615384615384