0 0.09134615384615384 0.38822115384615385 0.055288461538461536 0.07451923076923077
0 0.15865384615384615 0.36899038461538464 0.06971153846153846 0.0889423076923077
0 0.2800480769230769 0.3954326923076923 0.055288461538461536 0.07692307692307693
0 0.65625 0.4567307692307692 0.07692307692307693 0.11057692307692307
0 0.9110576923076923 0.5324519230769231 0.14182692307692307 0.16826923076923078
0 0.8557692307692307 0.5012019230769231 0.04326923076923077 0.06490384615384616
0 0.7980769230769231 0.47836538461538464 0.06009615384615385 0.09134615384615384
0 0.7271634615384616 0.4855769230769231 0.04567307692307692 0.0625
0 0.6177884615384616 0.4543269230769231 0.05048076923076923 0.09375
0 0.5661057692307693 0.47596153846153844 0.06490384615384616 0.09615384615384616
0 0.5348557692307693 0.4723557692307692 0.04326923076923077 0.0625
0 0.484375 0.44471153846153844 0.07211538461538461 0.09375
0 0.3713942307692308 0.41947115384615385 0.06490384615384616 0.07692307692307693