1 0.8209134615384616 0.4026442307692308 0.057692307692307696 0.0985576923076923
1 0.2127403846153846 0.4338942307692308 0.05048076923076923 0.08413461538461539
1 0.8870192307692307 0.36899038461538464 0.06009615384615385 0.10336538461538461
1 0.7127403846153846 0.39302884615384615 0.04807692307692308 0.09134615384615384
1 0.625 0.4098557692307692 0.04807692307692308 0.09134615384615384
1 0.5865384615384616 0.42788461538461536 0.038461538461538464 0.07211538461538461
1 0.5180288461538461 0.43028846153846156 0.03365384615384615 0.0625
1 0.484375 0.41346153846153844 0.04326923076923077 0.08173076923076923
1 0.44591346153846156 0.4254807692307692 0.03125 0.08413461538461539
1 0.41346153846153844 0.41225961538461536 0.04807692307692308 0.09134615384615384
1 0.3786057692307692 0.4375 0.04326923076923077 0.08173076923076923
1 0.3112980769230769 0.4338942307692308 0.04807692307692308 0.0889423076923077
1 0.2620192307692308 0.43149038461538464 0.04807692307692308 0.08413461538461539