1 0.8810096153846154 0.038461538461538464 0.07932692307692307 0.07692307692307693
1 0.5901442307692307 0.4831730769230769 0.057692307692307696 0.08173076923076923
1 0.28365384615384615 0.7175480769230769 0.0673076923076923 0.12740384615384615
1 0.39783653846153844 0.4963942307692308 0.04807692307692308 0.06009615384615385
1 0.43509615384615385 0.4543269230769231 0.052884615384615384 0.07692307692307693
1 0.8737980769230769 0.20552884615384615 0.0673076923076923 0.10336538461538461
1 0.5216346153846154 0.23918269230769232 0.055288461538461536 0.08173076923076923
1 0.2439903846153846 0.3786057692307692 0.0625 0.08413461538461539
1 0.28725961538461536 0.18990384615384615 0.05048076923076923 0.08413461538461539
1 0.8161057692307693 0.038461538461538464 0.05048076923076923 0.07692307692307693
1 0.3485576923076923 0.16105769230769232 0.040865384615384616 0.06009615384615385
1 0.20673076923076922 0.14302884615384615 0.036057692307692304 0.07451923076923077
1 0.2439903846153846 0.20793269230769232 0.05048076923076923 0.08173076923076923
1 0.7884615384615384 0.09254807692307693 0.04567307692307692 0.07211538461538461
1 0.5757211538461539 0.3485576923076923 0.05048076923076923 0.06971153846153846
1 0.6322115384615384 0.36658653846153844 0.040865384615384616 0.0673076923076923
1 0.5432692307692307 0.19230769230769232 0.038461538461538464 0.055288461538461536
1 0.6057692307692307 0.3713942307692308 0.04326923076923077 0.07211538461538461