0 0.125 0.33533653846153844 0.09134615384615384 0.16346153846153846
0 0.359375 0.3401442307692308 0.06009615384615385 0.1346153846153846
0 0.47475961538461536 0.3713942307692308 0.0673076923076923 0.1346153846153846
0 0.23677884615384615 0.33052884615384615 0.0673076923076923 0.125
0 0.41466346153846156 0.36658653846153844 0.055288461538461536 0.11778846153846154
0 0.7019230769230769 0.3641826923076923 0.055288461538461536 0.125
0 0.8233173076923077 0.40384615384615385 0.06009615384615385 0.12740384615384615
0 0.9807692307692307 0.4495192307692308 0.038461538461538464 0.1346153846153846
0 0.7487980769230769 0.4098557692307692 0.052884615384615384 0.11057692307692307
0 0.6634615384615384 0.3870192307692308 0.04807692307692308 0.10336538461538461
0 0.6081730769230769 0.36899038461538464 0.04567307692307692 0.08653846153846154
0 0.036057692307692304 0.328125 0.036057692307692304 0.08653846153846154
0 0.32091346153846156 0.3473557692307692 0.038461538461538464 0.09134615384615384
0 0.2860576923076923 0.3545673076923077 0.036057692307692304 0.09134615384615384