1 0.11778846153846154 0.056490384615384616 0.07692307692307693 0.11298076923076923
1 0.4326923076923077 0.5168269230769231 0.055288461538461536 0.08173076923076923
1 0.7548076923076923 0.7463942307692307 0.06490384615384616 0.12740384615384615
1 0.6298076923076923 0.5228365384615384 0.04567307692307692 0.06009615384615385
1 0.5901442307692307 0.48197115384615385 0.05048076923076923 0.07692307692307693
1 0.13221153846153846 0.2439903846153846 0.0673076923076923 0.10336538461538461
1 0.49399038461538464 0.265625 0.052884615384615384 0.08173076923076923
1 0.78125 0.39783653846153844 0.0625 0.08173076923076923
1 0.7307692307692307 0.20552884615384615 0.04807692307692308 0.08653846153846154
1 0.18629807692307693 0.07091346153846154 0.04807692307692308 0.07692307692307693
1 0.6670673076923077 0.17908653846153846 0.040865384615384616 0.06009615384615385
1 0.8112980769230769 0.15384615384615385 0.03365384615384615 0.07692307692307693
1 0.7764423076923077 0.22355769230769232 0.04807692307692308 0.08173076923076923
1 0.21514423076923078 0.12379807692307693 0.04326923076923077 0.07211538461538461
1 0.4423076923076923 0.3786057692307692 0.05048076923076923 0.06971153846153846
1 0.38461538461538464 0.39783653846153844 0.038461538461538464 0.06971153846153846
1 0.46875 0.21754807692307693 0.036057692307692304 0.057692307692307696
1 0.41346153846153844 0.4026442307692308 0.040865384615384616 0.07211538461538461