0 0.32211538461538464 0.22115384615384615 0.07451923076923077 0.1346153846153846
0 0.4831730769230769 0.20673076923076922 0.04567307692307692 0.12980769230769232
0 0.10216346153846154 0.19591346153846154 0.055288461538461536 0.10817307692307693
0 0.2800480769230769 0.18389423076923078 0.04326923076923077 0.10336538461538461
0 0.36177884615384615 0.2127403846153846 0.036057692307692304 0.07211538461538461
0 0.5072115384615384 0.22716346153846154 0.03125 0.08413461538461539
0 0.5252403846153846 0.23557692307692307 0.03365384615384615 0.07451923076923077
0 0.5721153846153846 0.24158653846153846 0.04326923076923077 0.09375
0 0.6586538461538461 0.2608173076923077 0.040865384615384616 0.07451923076923077
0 0.7079326923076923 0.2512019230769231 0.057692307692307696 0.11298076923076923
0 0.7439903846153846 0.22716346153846154 0.04567307692307692 0.10817307692307693