1 0.10096153846153846 0.4182692307692308 0.16105769230769232 0.28125
1 0.7235576923076923 0.34615384615384615 0.09615384615384616 0.17307692307692307
1 0.4495192307692308 0.4182692307692308 0.12259615384615384 0.18509615384615385
1 0.6021634615384616 0.37740384615384615 0.10817307692307693 0.19951923076923078
1 0.8269230769230769 0.36899038461538464 0.07451923076923077 0.13701923076923078
1 0.24639423076923078 0.4230769230769231 0.08413461538461539 0.1875
1 0.31971153846153844 0.40384615384615385 0.10336538461538461 0.19471153846153846
1 0.9110576923076923 0.3713942307692308 0.13221153846153846 0.22355769230769232
1 0.4098557692307692 0.4519230769230769 0.06971153846153846 0.14903846153846154
1 0.8605769230769231 0.39663461538461536 0.08173076923076923 0.15384615384615385
1 0.6911057692307693 0.4230769230769231 0.07451923076923077 0.11298076923076923