1 0.12860576923076922 0.46634615384615385 0.055288461538461536 0.09375
1 0.18269230769230768 0.15264423076923078 0.036057692307692304 0.0673076923076923
1 0.5084134615384616 0.04567307692307692 0.038461538461538464 0.06490384615384616
1 0.24278846153846154 0.30528846153846156 0.05048076923076923 0.07451923076923077
1 0.3485576923076923 0.1935096153846154 0.04326923076923077 0.07211538461538461
1 0.5264423076923077 0.3293269230769231 0.04567307692307692 0.0673076923076923
1 0.9615384615384616 0.7319711538461539 0.04807692307692308 0.08653846153846154
1 0.9471153846153846 0.484375 0.05048076923076923 0.08653846153846154
1 0.6538461538461539 0.34375 0.04567307692307692 0.0673076923076923
1 0.6983173076923077 0.22115384615384615 0.04567307692307692 0.07211538461538461
1 0.5504807692307693 0.28966346153846156 0.040865384615384616 0.06490384615384616