1 0.14783653846153846 0.359375 0.125 0.2668269230769231
1 0.7740384615384616 0.375 0.07451923076923077 0.1658653846153846
1 0.49278846153846156 0.4074519230769231 0.10096153846153846 0.17307692307692307
1 0.6490384615384616 0.3894230769230769 0.08413461538461539 0.18990384615384615
1 0.8737980769230769 0.41225961538461536 0.057692307692307696 0.12980769230769232
1 0.29086538461538464 0.38461538461538464 0.057692307692307696 0.18269230769230768
1 0.36538461538461536 0.375 0.07692307692307693 0.1875
1 0.9507211538461539 0.4254807692307692 0.0985576923076923 0.21153846153846154
1 0.4483173076923077 0.4362980769230769 0.05048076923076923 0.14423076923076922
1 0.9026442307692307 0.44350961538461536 0.0625 0.1466346153846154
1 0.7307692307692307 0.44711538461538464 0.06009615384615385 0.10576923076923077