1 0.07932692307692307 0.5600961538461539 0.0625 0.10096153846153846
1 0.06129807692307692 0.22716346153846154 0.040865384615384616 0.07211538461538461
1 0.36899038461538464 0.042067307692307696 0.04326923076923077 0.0625
1 0.15865384615384615 0.36778846153846156 0.057692307692307696 0.08173076923076923
1 0.2403846153846154 0.22956730769230768 0.05048076923076923 0.07692307692307693
1 0.4567307692307692 0.3269230769230769 0.052884615384615384 0.07451923076923077
1 0.9831730769230769 0.6358173076923077 0.03365384615384615 0.09375
1 0.921875 0.3858173076923077 0.057692307692307696 0.09375
1 0.5889423076923077 0.3112980769230769 0.05048076923076923 0.07451923076923077
1 0.6045673076923077 0.17427884615384615 0.05048076923076923 0.07692307692307693
1 0.4699519230769231 0.2800480769230769 0.04567307692307692 0.06971153846153846