1 0.6502403846153846 0.28365384615384615 0.07451923076923077 0.11538461538461539
1 0.5168269230769231 0.3161057692307692 0.08173076923076923 0.12980769230769232
1 0.7139423076923077 0.2620192307692308 0.0673076923076923 0.1201923076923077
1 0.30408653846153844 0.33653846153846156 0.07211538461538461 0.11778846153846154
1 0.4026442307692308 0.33653846153846156 0.057692307692307696 0.0985576923076923
1 0.5973557692307693 0.3016826923076923 0.052884615384615384 0.09615384615384616
1 0.25600961538461536 0.3713942307692308 0.057692307692307696 0.0985576923076923
1 0.20432692307692307 0.37259615384615385 0.05048076923076923 0.0889423076923077
1 0.3641826923076923 0.3485576923076923 0.038461538461538464 0.07211538461538461
1 0.45552884615384615 0.3317307692307692 0.04567307692307692 0.08413461538461539
1 0.5673076923076923 0.3317307692307692 0.04807692307692308 0.08413461538461539