1 0.28966346153846156 0.36538461538461536 0.07211538461538461 0.11298076923076923
1 0.42427884615384615 0.36538461538461536 0.07932692307692307 0.125
1 0.2247596153846154 0.3605769230769231 0.06490384615384616 0.11538461538461539
1 0.6298076923076923 0.33413461538461536 0.06971153846153846 0.11538461538461539
1 0.5372596153846154 0.35697115384615385 0.055288461538461536 0.09615384615384616
1 0.34375 0.3713942307692308 0.052884615384615384 0.09375
1 0.6826923076923077 0.3557692307692308 0.055288461538461536 0.09615384615384616
1 0.7331730769230769 0.3449519230769231 0.05048076923076923 0.08653846153846154
1 0.5769230769230769 0.3581730769230769 0.036057692307692304 0.06971153846153846
1 0.48677884615384615 0.3641826923076923 0.04326923076923077 0.08173076923076923
1 0.3798076923076923 0.390625 0.04567307692307692 0.08173076923076923