1 0.5180288461538461 0.41225961538461536 0.0889423076923077 0.1466346153846154
1 0.8689903846153846 0.4014423076923077 0.1201923076923077 0.1971153846153846
1 0.7091346153846154 0.41586538461538464 0.10576923076923077 0.17307692307692307
1 0.4543269230769231 0.4098557692307692 0.07451923076923077 0.13942307692307693
1 0.9326923076923077 0.3245192307692308 0.08173076923076923 0.13701923076923078
1 0.3918269230769231 0.40384615384615385 0.07451923076923077 0.14903846153846154
1 0.35697115384615385 0.4110576923076923 0.06971153846153846 0.15384615384615385
1 0.29086538461538464 0.45552884615384615 0.06009615384615385 0.11298076923076923
1 0.7067307692307693 0.4182692307692308 0.10817307692307693 0.15865384615384615
1 0.7139423076923077 0.328125 0.07211538461538461 0.11538461538461539
1 0.7668269230769231 0.3545673076923077 0.06490384615384616 0.11057692307692307
1 0.9146634615384616 0.4014423076923077 0.07692307692307693 0.1658653846153846