1 0.2776442307692308 0.3293269230769231 0.10096153846153846 0.14423076923076922
1 0.9302884615384616 0.47115384615384615 0.09615384615384616 0.1346153846153846
1 0.75 0.41466346153846156 0.08653846153846154 0.12980769230769232
1 0.41225961538461536 0.36658653846153844 0.07451923076923077 0.11298076923076923
1 0.10336538461538461 0.3798076923076923 0.07451923076923077 0.125
1 0.5408653846153846 0.4206730769230769 0.040865384615384616 0.06971153846153846
1 0.46634615384615385 0.4074519230769231 0.05048076923076923 0.07932692307692307
1 0.5012019230769231 0.4411057692307692 0.036057692307692304 0.06009615384615385
1 0.3557692307692308 0.3713942307692308 0.04567307692307692 0.07932692307692307
1 0.15625 0.37740384615384615 0.06490384615384616 0.12259615384615384
1 0.20432692307692307 0.38341346153846156 0.06009615384615385 0.09375