0 0.3485576923076923 0.2980769230769231 0.07692307692307693 0.13942307692307693
0 0.5144230769230769 0.28365384615384615 0.04807692307692308 0.13221153846153846
0 0.1201923076923077 0.27163461538461536 0.057692307692307696 0.11057692307692307
0 0.30408653846153844 0.25961538461538464 0.04567307692307692 0.10576923076923077
0 0.3894230769230769 0.28846153846153844 0.038461538461538464 0.07451923076923077
0 0.5372596153846154 0.30408653846153844 0.03365384615384615 0.08653846153846154
0 0.5576923076923077 0.3125 0.036057692307692304 0.07692307692307693
0 0.6057692307692307 0.31850961538461536 0.04326923076923077 0.09615384615384616
0 0.6947115384615384 0.33774038461538464 0.04326923076923077 0.07692307692307693
0 0.7451923076923077 0.3293269230769231 0.057692307692307696 0.11538461538461539
0 0.7824519230769231 0.30528846153846156 0.04807692307692308 0.11057692307692307