1 0.9459134615384616 0.5649038461538461 0.06009615384615385 0.10336538461538461
1 0.9471153846153846 0.21875 0.040865384615384616 0.07451923076923077
1 0.6189903846153846 0.042067307692307696 0.040865384615384616 0.06971153846153846
1 0.8545673076923077 0.36899038461538464 0.055288461538461536 0.08173076923076923
1 0.7620192307692307 0.23076923076923078 0.04807692307692308 0.07692307692307693
1 0.5456730769230769 0.3425480769230769 0.05048076923076923 0.07451923076923077
1 0.016826923076923076 0.6923076923076923 0.03365384615384615 0.09615384615384616
1 0.06850961538461539 0.42908653846153844 0.055288461538461536 0.09615384615384616
1 0.4074519230769231 0.33413461538461536 0.04807692307692308 0.07451923076923077
1 0.38461538461538464 0.19471153846153846 0.04807692307692308 0.07692307692307693
1 0.5276442307692307 0.2956730769230769 0.04326923076923077 0.06971153846153846