1 0.3088942307692308 0.3545673076923077 0.06971153846153846 0.11057692307692307
1 0.44471153846153844 0.3605769230769231 0.07211538461538461 0.125
1 0.2439903846153846 0.34615384615384615 0.06009615384615385 0.11538461538461539
1 0.65625 0.34134615384615385 0.0673076923076923 0.11538461538461539
1 0.5600961538461539 0.3581730769230769 0.052884615384615384 0.09615384615384616
1 0.3641826923076923 0.3629807692307692 0.04807692307692308 0.09375
1 0.7091346153846154 0.36538461538461536 0.052884615384615384 0.09615384615384616
1 0.7596153846153846 0.3581730769230769 0.04567307692307692 0.0889423076923077
1 0.5997596153846154 0.3629807692307692 0.03365384615384615 0.06971153846153846
1 0.5084134615384616 0.3629807692307692 0.040865384615384616 0.08173076923076923
1 0.39903846153846156 0.3858173076923077 0.04326923076923077 0.08173076923076923