1 0.40024038461538464 0.5072115384615384 0.14182692307692307 0.19471153846153846
0 0.0733173076923077 0.5204326923076923 0.1346153846153846 0.2091346153846154
0 0.24759615384615385 0.5216346153846154 0.11538461538461539 0.18028846153846154
0 0.03365384615384615 0.4014423076923077 0.0673076923076923 0.09615384615384616
0 0.6382211538461539 0.5216346153846154 0.04567307692307692 0.09134615384615384
0 0.8076923076923077 0.6310096153846154 0.07451923076923077 0.11538461538461539
1 0.8040865384615384 0.4699519230769231 0.02403846153846154 0.052884615384615384
0 0.7391826923076923 0.5444711538461539 0.04326923076923077 0.07211538461538461
0 0.7836538461538461 0.5540865384615384 0.052884615384615384 0.06971153846153846
0 0.9158653846153846 0.4891826923076923 0.036057692307692304 0.0673076923076923
0 0.8245192307692307 0.4951923076923077 0.03125 0.052884615384615384
0 0.7572115384615384 0.484375 0.028846153846153848 0.04567307692307692