0 0.8257211538461539 0.21033653846153846 0.10817307692307693 0.16826923076923078
0 0.23677884615384615 0.3076923076923077 0.08413461538461539 0.13942307692307693
0 0.16947115384615385 0.33052884615384615 0.06009615384615385 0.10336538461538461
0 0.5841346153846154 0.2980769230769231 0.057692307692307696 0.09615384615384616
0 0.890625 0.2403846153846154 0.0625 0.10096153846153846
0 0.4254807692307692 0.30288461538461536 0.057692307692307696 0.08653846153846154
0 0.6286057692307693 0.24759615384615385 0.0673076923076923 0.10096153846153846
0 0.5348557692307693 0.29086538461538464 0.04326923076923077 0.0625
0 0.3425480769230769 0.3161057692307692 0.04567307692307692 0.0889423076923077
0 0.28125 0.31009615384615385 0.04807692307692308 0.07451923076923077
0 0.12139423076923077 0.3545673076923077 0.0625 0.10096153846153846
0 0.008413461538461538 0.3605769230769231 0.016826923076923076 0.12980769230769232
0 0.37259615384615385 0.328125 0.040865384615384616 0.06971153846153846