1 0.40384615384615385 0.5132211538461539 0.15625 0.2091346153846154
0 0.07211538461538461 0.49158653846153844 0.14423076923076922 0.22355769230769232
0 0.24519230769230768 0.5108173076923077 0.12980769230769232 0.19230769230769232
0 0.042067307692307696 0.36658653846153844 0.07211538461538461 0.10336538461538461
0 0.6442307692307693 0.5528846153846154 0.052884615384615384 0.09615384615384616
0 0.8052884615384616 0.6814903846153846 0.08413461538461539 0.125
1 0.8185096153846154 0.5168269230769231 0.026442307692307692 0.055288461538461536
0 0.7439903846153846 0.5865384615384616 0.05048076923076923 0.07692307692307693
0 0.7884615384615384 0.6009615384615384 0.057692307692307696 0.07451923076923077
0 0.9302884615384616 0.5492788461538461 0.040865384615384616 0.06971153846153846
0 0.8365384615384616 0.546875 0.036057692307692304 0.055288461538461536
0 0.7680288461538461 0.5288461538461539 0.03365384615384615 0.04807692307692308