0 0.4723557692307692 0.2091346153846154 0.07932692307692307 0.125
0 0.3942307692307692 0.22716346153846154 0.07932692307692307 0.14423076923076922
0 0.7427884615384616 0.31009615384615385 0.07211538461538461 0.12259615384615384
0 0.8990384615384616 0.25961538461538464 0.07451923076923077 0.14903846153846154
0 0.21033653846153846 0.25240384615384615 0.07211538461538461 0.1346153846153846
0 0.07211538461538461 0.20552884615384615 0.06971153846153846 0.125
0 0.6237980769230769 0.2283653846153846 0.08173076923076923 0.1466346153846154
0 0.2644230769230769 0.2127403846153846 0.06009615384615385 0.12259615384615384
0 0.6850961538461539 0.2536057692307692 0.04567307692307692 0.08413461538461539
0 0.8329326923076923 0.2247596153846154 0.057692307692307696 0.09615384615384616
0 0.9927884615384616 0.25600961538461536 0.014423076923076924 0.09375