1 0.2956730769230769 0.14423076923076922 0.10096153846153846 0.1466346153846154
1 0.9254807692307693 0.21634615384615385 0.07451923076923077 0.10336538461538461
1 0.015625 0.16346153846153846 0.03125 0.15865384615384615
1 0.5360576923076923 0.21634615384615385 0.0625 0.0985576923076923
1 0.6045673076923077 0.20192307692307693 0.07692307692307693 0.10336538461538461
1 0.49158653846153844 0.13341346153846154 0.040865384615384616 0.06490384615384616
1 0.7199519230769231 0.11057692307692307 0.04326923076923077 0.07932692307692307
1 0.8389423076923077 0.14302884615384615 0.06009615384615385 0.07932692307692307
1 0.8040865384615384 0.109375 0.04326923076923077 0.07211538461538461
1 0.5552884615384616 0.13822115384615385 0.03125 0.0673076923076923
1 0.8617788461538461 0.12379807692307693 0.040865384615384616 0.07211538461538461