0 0.48677884615384615 0.21875 0.0889423076923077 0.12980769230769232
0 0.40865384615384615 0.23317307692307693 0.0889423076923077 0.14903846153846154
0 0.7487980769230769 0.3401442307692308 0.07932692307692307 0.12740384615384615
0 0.9086538461538461 0.29927884615384615 0.08413461538461539 0.15384615384615385
0 0.22355769230769232 0.2439903846153846 0.08173076923076923 0.13942307692307693
0 0.08774038461538461 0.18629807692307693 0.07692307692307693 0.12980769230769232
0 0.6382211538461539 0.24759615384615385 0.09134615384615384 0.15144230769230768
0 0.27884615384615385 0.20793269230769232 0.0673076923076923 0.125
0 0.6959134615384616 0.2776442307692308 0.05048076923076923 0.08653846153846154
0 0.8473557692307693 0.25841346153846156 0.0625 0.0985576923076923
0 0.9963942307692307 0.3016826923076923 0.007211538461538462 0.09375