1 0.46274038461538464 0.36899038461538464 0.0673076923076923 0.12980769230769232
1 0.8894230769230769 0.4110576923076923 0.0625 0.10576923076923077
1 0.7668269230769231 0.4110576923076923 0.06009615384615385 0.0889423076923077
0 0.5961538461538461 0.3581730769230769 0.08173076923076923 0.14423076923076922
0 0.15144230769230768 0.38341346153846156 0.0889423076923077 0.14182692307692307
0 0.34375 0.4110576923076923 0.07932692307692307 0.14182692307692307
0 0.4050480769230769 0.4254807692307692 0.04807692307692308 0.09134615384615384
0 0.20432692307692307 0.4254807692307692 0.055288461538461536 0.10336538461538461
0 0.25961538461538464 0.4387019230769231 0.04326923076923077 0.0673076923076923
0 0.5360576923076923 0.4182692307692308 0.04567307692307692 0.07932692307692307
1 0.6766826923076923 0.41947115384615385 0.057692307692307696 0.10336538461538461