1 0.18269230769230768 0.18028846153846154 0.08413461538461539 0.14182692307692307
1 0.6141826923076923 0.08052884615384616 0.11298076923076923 0.16105769230769232
1 0.08653846153846154 0.18629807692307693 0.15865384615384615 0.2692307692307692
1 0.7776442307692307 0.09375 0.10096153846153846 0.16826923076923078
1 0.5625 0.6802884615384616 0.07451923076923077 0.11057692307692307
1 0.7379807692307693 0.078125 0.07692307692307693 0.15625
1 0.9639423076923077 0.4110576923076923 0.07211538461538461 0.16826923076923078
1 0.8774038461538461 0.07692307692307693 0.055288461538461536 0.10817307692307693
1 0.8197115384615384 0.09495192307692307 0.0625 0.11057692307692307
1 0.4855769230769231 0.3449519230769231 0.07211538461538461 0.10336538461538461
1 0.5588942307692307 0.3329326923076923 0.055288461538461536 0.10096153846153846