0 0.8137019230769231 0.24519230769230768 0.10096153846153846 0.15625
0 0.2512019230769231 0.2704326923076923 0.07692307692307693 0.12980769230769232
0 0.9723557692307693 0.3016826923076923 0.055288461538461536 0.12740384615384615
0 0.18509615384615385 0.2824519230769231 0.055288461538461536 0.09615384615384616
0 0.5793269230769231 0.3004807692307692 0.052884615384615384 0.09134615384615384
0 0.8725961538461539 0.2824519230769231 0.057692307692307696 0.09375
0 0.42908653846153844 0.28846153846153844 0.055288461538461536 0.08173076923076923
0 0.6262019230769231 0.25841346153846156 0.06009615384615385 0.09375
0 0.53125 0.28725961538461536 0.040865384615384616 0.057692307692307696
0 0.3485576923076923 0.28966346153846156 0.040865384615384616 0.08173076923076923
0 0.29086538461538464 0.2776442307692308 0.04326923076923077 0.06971153846153846
0 0.13701923076923078 0.3004807692307692 0.057692307692307696 0.09375
0 0.02403846153846154 0.2920673076923077 0.03365384615384615 0.12259615384615384
0 0.375 0.30408653846153844 0.036057692307692304 0.0673076923076923