0 0.40384615384615385 0.2283653846153846 0.0985576923076923 0.13942307692307693
0 0.328125 0.2608173076923077 0.10096153846153846 0.15625
0 0.6947115384615384 0.28125 0.09134615384615384 0.1346153846153846
0 0.8425480769230769 0.203125 0.09615384615384616 0.16105769230769232
0 0.1466346153846154 0.3173076923076923 0.09375 0.1466346153846154
0 0.021634615384615384 0.29447115384615385 0.04326923076923077 0.13701923076923078
0 0.5600961538461539 0.21875 0.10336538461538461 0.15865384615384615
0 0.19471153846153846 0.26802884615384615 0.07692307692307693 0.13221153846153846
0 0.6262019230769231 0.234375 0.057692307692307696 0.09134615384615384
0 0.7704326923076923 0.17908653846153846 0.07211538461538461 0.10576923076923077
0 0.9435096153846154 0.18269230769230768 0.038461538461538464 0.09615384615384616