1 0.7055288461538461 0.12980769230769232 0.0889423076923077 0.14423076923076922
1 0.25600961538461536 0.1201923076923077 0.11778846153846154 0.18269230769230768
1 0.8016826923076923 0.125 0.1658653846153846 0.25
1 0.09975961538461539 0.18028846153846154 0.10576923076923077 0.17067307692307693
1 0.44591346153846156 0.7079326923076923 0.07692307692307693 0.11298076923076923
1 0.13581730769230768 0.15504807692307693 0.07932692307692307 0.16346153846153846
1 0.014423076923076924 0.5324519230769231 0.028846153846153848 0.1658653846153846
1 0.013221153846153846 0.18509615384615385 0.026442307692307692 0.11057692307692307
1 0.05889423076923077 0.19110576923076922 0.06490384615384616 0.11057692307692307
1 0.44350961538461536 0.359375 0.07451923076923077 0.10336538461538461
1 0.3701923076923077 0.3641826923076923 0.057692307692307696 0.10336538461538461