1 0.6033653846153846 0.5096153846153846 0.14423076923076922 0.1971153846153846
0 0.9302884615384616 0.5288461538461539 0.13942307692307693 0.21394230769230768
0 0.7560096153846154 0.5252403846153846 0.11778846153846154 0.18269230769230768
0 0.9699519230769231 0.4098557692307692 0.06009615384615385 0.0985576923076923
0 0.3641826923076923 0.5192307692307693 0.04807692307692308 0.09375
0 0.19230769230769232 0.625 0.07692307692307693 0.11778846153846154
1 0.19951923076923078 0.4639423076923077 0.02403846153846154 0.052884615384615384
0 0.2644230769230769 0.5396634615384616 0.04567307692307692 0.07451923076923077
0 0.21754807692307693 0.5492788461538461 0.052884615384615384 0.07211538461538461
0 0.08653846153846154 0.48197115384615385 0.036057692307692304 0.0673076923076923
0 0.1778846153846154 0.49038461538461536 0.03125 0.052884615384615384
0 0.24639423076923078 0.4807692307692308 0.03125 0.04567307692307692