1 0.4963942307692308 0.3701923076923077 0.07932692307692307 0.1346153846153846
1 0.9086538461538461 0.5 0.07451923076923077 0.11298076923076923
1 0.7884615384615384 0.47475961538461536 0.06971153846153846 0.09615384615384616
0 0.6298076923076923 0.3870192307692308 0.09375 0.15384615384615385
0 0.18389423076923078 0.3173076923076923 0.10576923076923077 0.15144230769230768
0 0.36899038461538464 0.3858173076923077 0.09375 0.14903846153846154
0 0.4266826923076923 0.41346153846153844 0.06009615384615385 0.09615384615384616
0 0.2283653846153846 0.3701923076923077 0.0673076923076923 0.10817307692307693
0 0.2800480769230769 0.3954326923076923 0.05048076923076923 0.07211538461538461
0 0.5576923076923077 0.4338942307692308 0.052884615384615384 0.08413461538461539
1 0.6971153846153846 0.4651442307692308 0.0673076923076923 0.10817307692307693