0 0.8473557692307693 0.24519230769230768 0.10336538461538461 0.16346153846153846
0 0.2644230769230769 0.2704326923076923 0.07932692307692307 0.1346153846153846
0 0.9903846153846154 0.3004807692307692 0.019230769230769232 0.12980769230769232
0 0.19591346153846154 0.2848557692307692 0.057692307692307696 0.10096153846153846
0 0.6033653846153846 0.30288461538461536 0.055288461538461536 0.09615384615384616
0 0.90625 0.2824519230769231 0.06009615384615385 0.0985576923076923
0 0.4483173076923077 0.28966346153846156 0.055288461538461536 0.08413461538461539
0 0.6514423076923077 0.25841346153846156 0.06490384615384616 0.0985576923076923
0 0.5540865384615384 0.28846153846153844 0.04326923076923077 0.06009615384615385
0 0.36538461538461536 0.2920673076923077 0.04326923076923077 0.08653846153846154
0 0.30528846153846156 0.27884615384615385 0.04326923076923077 0.07211538461538461
0 0.14543269230769232 0.3016826923076923 0.06009615384615385 0.0985576923076923
0 0.025240384615384616 0.29447115384615385 0.036057692307692304 0.12740384615384615
0 0.3918269230769231 0.30649038461538464 0.038461538461538464 0.06971153846153846