1 0.046875 0.3786057692307692 0.052884615384615384 0.125
1 0.18028846153846154 0.36658653846153844 0.04807692307692308 0.12980769230769232
1 0.33533653846153844 0.38341346153846156 0.052884615384615384 0.1346153846153846
1 0.28846153846153844 0.4579326923076923 0.038461538461538464 0.10336538461538461
1 0.39783653846153844 0.4675480769230769 0.03365384615384615 0.11538461538461539
1 0.4519230769230769 0.40384615384615385 0.052884615384615384 0.11538461538461539
1 0.49158653846153844 0.4254807692307692 0.03365384615384615 0.11057692307692307
1 0.5384615384615384 0.4831730769230769 0.03365384615384615 0.10336538461538461
1 0.5793269230769231 0.4579326923076923 0.04807692307692308 0.11538461538461539
1 0.6382211538461539 0.4182692307692308 0.028846153846153848 0.10336538461538461
1 0.6646634615384616 0.4483173076923077 0.04326923076923077 0.125
1 0.7151442307692307 0.4182692307692308 0.04326923076923077 0.1346153846153846
1 0.8149038461538461 0.4579326923076923 0.04326923076923077 0.10336538461538461
1 0.9591346153846154 0.45552884615384615 0.052884615384615384 0.13942307692307693