0 0.04326923076923077 0.2692307692307692 0.07932692307692307 0.12740384615384615
0 0.3641826923076923 0.3798076923076923 0.055288461538461536 0.0889423076923077
0 0.15745192307692307 0.3112980769230769 0.052884615384615384 0.08173076923076923
0 0.06610576923076923 0.3125 0.05048076923076923 0.08653846153846154
0 0.3112980769230769 0.29927884615384615 0.040865384615384616 0.0673076923076923
0 0.3786057692307692 0.2848557692307692 0.04807692307692308 0.0625
0 0.47716346153846156 0.3329326923076923 0.040865384615384616 0.0673076923076923
0 0.4723557692307692 0.2824519230769231 0.040865384615384616 0.0625
0 0.5192307692307693 0.3088942307692308 0.04807692307692308 0.06971153846153846
0 0.6057692307692307 0.2980769230769231 0.03125 0.06971153846153846
0 0.6634615384615384 0.3076923076923077 0.04326923076923077 0.07932692307692307
0 0.7367788461538461 0.2704326923076923 0.055288461538461536 0.09615384615384616
0 0.8545673076923077 0.30649038461538464 0.038461538461538464 0.0625