1 0.12980769230769232 0.3605769230769231 0.06971153846153846 0.11538461538461539
1 0.37259615384615385 0.4110576923076923 0.038461538461538464 0.08653846153846154
1 0.19110576923076922 0.4014423076923077 0.04807692307692308 0.09375
1 0.22596153846153846 0.4026442307692308 0.038461538461538464 0.09134615384615384
1 0.27524038461538464 0.4026442307692308 0.04326923076923077 0.09615384615384616
0 0.30649038461538464 0.42908653846153844 0.040865384615384616 0.07692307692307693
1 0.4050480769230769 0.4074519230769231 0.028846153846153848 0.08173076923076923
0 0.4326923076923077 0.4074519230769231 0.028846153846153848 0.0673076923076923
0 0.578125 0.3942307692307692 0.03365384615384615 0.0673076923076923
0 0.8870192307692307 0.3737980769230769 0.04807692307692308 0.09134615384615384
0 0.7824519230769231 0.36899038461538464 0.04567307692307692 0.07451923076923077
0 0.6502403846153846 0.40865384615384615 0.04567307692307692 0.08413461538461539
0 0.6850961538461539 0.3737980769230769 0.040865384615384616 0.07211538461538461
0 0.609375 0.38822115384615385 0.038461538461538464 0.07451923076923077
0 0.5576923076923077 0.39663461538461536 0.028846153846153848 0.057692307692307696