0 0.9711538461538461 0.3485576923076923 0.057692307692307696 0.13942307692307693
0 0.6466346153846154 0.42908653846153844 0.0673076923076923 0.0985576923076923
0 0.8665865384615384 0.38221153846153844 0.0625 0.0889423076923077
0 0.9615384615384616 0.3942307692307692 0.06009615384615385 0.09615384615384616
0 0.7091346153846154 0.35216346153846156 0.04807692307692308 0.07451923076923077
0 0.6418269230769231 0.3293269230769231 0.057692307692307696 0.06971153846153846
0 0.5336538461538461 0.3701923076923077 0.04807692307692308 0.07451923076923077
0 0.5456730769230769 0.3173076923076923 0.04807692307692308 0.0673076923076923
0 0.49278846153846156 0.3389423076923077 0.057692307692307696 0.07692307692307693
0 0.40625 0.31971153846153844 0.038461538461538464 0.07451923076923077
0 0.34375 0.32211538461538464 0.052884615384615384 0.08653846153846154
0 0.27283653846153844 0.2764423076923077 0.0673076923076923 0.10576923076923077
0 0.14783653846153846 0.3016826923076923 0.04807692307692308 0.0673076923076923