1 0.17067307692307693 0.3701923076923077 0.06971153846153846 0.11057692307692307
1 0.39302884615384615 0.4254807692307692 0.038461538461538464 0.08413461538461539
1 0.2247596153846154 0.4098557692307692 0.05048076923076923 0.0889423076923077
1 0.25721153846153844 0.41225961538461536 0.038461538461538464 0.08653846153846154
1 0.30288461538461536 0.41346153846153844 0.04326923076923077 0.09375
0 0.3317307692307692 0.43990384615384615 0.040865384615384616 0.07451923076923077
1 0.42427884615384615 0.4230769230769231 0.03125 0.07692307692307693
0 0.4495192307692308 0.42427884615384615 0.028846153846153848 0.06490384615384616
0 0.5853365384615384 0.41586538461538464 0.03365384615384615 0.06490384615384616
0 0.875 0.4074519230769231 0.04807692307692308 0.08653846153846154
0 0.7764423076923077 0.39903846153846156 0.04567307692307692 0.07211538461538461
0 0.6526442307692307 0.43149038461538464 0.04567307692307692 0.08173076923076923
0 0.6862980769230769 0.40024038461538464 0.040865384615384616 0.0673076923076923
0 0.6153846153846154 0.4110576923076923 0.038461538461538464 0.06971153846153846
0 0.5661057692307693 0.4170673076923077 0.028846153846153848 0.055288461538461536