1 0.8293269230769231 0.5877403846153846 0.07932692307692307 0.11057692307692307
0 0.359375 0.4699519230769231 0.06009615384615385 0.09375
0 0.2512019230769231 0.43028846153846156 0.06009615384615385 0.0889423076923077
0 0.07211538461538461 0.4699519230769231 0.14423076923076922 0.38221153846153844
0 0.14903846153846154 0.4182692307692308 0.05048076923076923 0.09134615384615384
0 0.3088942307692308 0.46634615384615385 0.055288461538461536 0.09134615384615384
0 0.47836538461538464 0.46033653846153844 0.040865384615384616 0.0625
0 0.484375 0.5036057692307693 0.055288461538461536 0.07451923076923077
0 0.6382211538461539 0.5685096153846154 0.055288461538461536 0.06490384615384616
0 0.7115384615384616 0.5649038461538461 0.057692307692307696 0.07451923076923077
0 0.9507211538461539 0.5480769230769231 0.04807692307692308 0.0673076923076923