1 0.9254807692307693 0.4110576923076923 0.07451923076923077 0.11538461538461539
1 0.39903846153846156 0.6478365384615384 0.07451923076923077 0.11057692307692307
1 0.25961538461538464 0.7379807692307693 0.07692307692307693 0.11057692307692307
1 0.7283653846153846 0.6550480769230769 0.0625 0.10336538461538461
1 0.2283653846153846 0.46634615384615385 0.040865384615384616 0.052884615384615384
1 0.2824519230769231 0.43149038461538464 0.04326923076923077 0.06490384615384616
1 0.6502403846153846 0.6322115384615384 0.06971153846153846 0.10336538461538461
1 0.8521634615384616 0.609375 0.0673076923076923 0.0889423076923077
1 0.96875 0.4026442307692308 0.055288461538461536 0.09375
1 0.6105769230769231 0.5228365384615384 0.038461538461538464 0.057692307692307696
1 0.4723557692307692 0.43990384615384615 0.038461538461538464 0.057692307692307696
1 0.7439903846153846 0.5072115384615384 0.038461538461538464 0.06009615384615385