0 0.030048076923076924 0.24879807692307693 0.052884615384615384 0.13221153846153846
0 0.34375 0.375 0.057692307692307696 0.09375
0 0.13221153846153846 0.2980769230769231 0.052884615384615384 0.08413461538461539
0 0.037259615384615384 0.2956730769230769 0.052884615384615384 0.09134615384615384
0 0.2920673076923077 0.28966346153846156 0.04326923076923077 0.06971153846153846
0 0.36177884615384615 0.2764423076923077 0.05048076923076923 0.06490384615384616
0 0.46274038461538464 0.33052884615384615 0.04326923076923077 0.06971153846153846
0 0.45913461538461536 0.2776442307692308 0.040865384615384616 0.06490384615384616
0 0.5084134615384616 0.30649038461538464 0.05048076923076923 0.07211538461538461
0 0.5973557692307693 0.29927884615384615 0.03125 0.07211538461538461
0 0.6574519230769231 0.31009615384615385 0.04567307692307692 0.08173076923076923
0 0.734375 0.27403846153846156 0.057692307692307696 0.0985576923076923
0 0.8557692307692307 0.3173076923076923 0.040865384615384616 0.06490384615384616