1 0.1622596153846154 0.5504807692307693 0.07451923076923077 0.10817307692307693
0 0.6454326923076923 0.4891826923076923 0.055288461538461536 0.09375
0 0.7584134615384616 0.46274038461538464 0.055288461538461536 0.08653846153846154
0 0.9350961538461539 0.5264423076923077 0.12980769230769232 0.3798076923076923
0 0.8629807692307693 0.46634615384615385 0.04567307692307692 0.0889423076923077
0 0.6971153846153846 0.49399038461538464 0.05048076923076923 0.0889423076923077
0 0.5288461538461539 0.4675480769230769 0.038461538461538464 0.0625
0 0.5180288461538461 0.5096153846153846 0.052884615384615384 0.07211538461538461
0 0.3557692307692308 0.5564903846153846 0.052884615384615384 0.0625
0 0.2848557692307692 0.5420673076923077 0.055288461538461536 0.07211538461538461
0 0.046875 0.4963942307692308 0.04567307692307692 0.06490384615384616