1 0.9146634615384616 0.375 0.07451923076923077 0.11538461538461539
1 0.38461538461538464 0.6021634615384616 0.07211538461538461 0.10817307692307693
1 0.24158653846153846 0.6887019230769231 0.07451923076923077 0.10817307692307693
1 0.7139423076923077 0.6153846153846154 0.0625 0.10336538461538461
1 0.21754807692307693 0.4170673076923077 0.040865384615384616 0.052884615384615384
1 0.27283653846153844 0.38341346153846156 0.040865384615384616 0.06490384615384616
1 0.6358173076923077 0.5901442307692307 0.06971153846153846 0.10336538461538461
1 0.8377403846153846 0.5721153846153846 0.06490384615384616 0.08653846153846154
1 0.9639423076923077 0.36658653846153844 0.0625 0.09375
1 0.5973557692307693 0.4807692307692308 0.038461538461538464 0.055288461538461536
1 0.46033653846153844 0.3954326923076923 0.038461538461538464 0.055288461538461536
1 0.7331730769230769 0.46634615384615385 0.038461538461538464 0.057692307692307696