0 0.17668269230769232 0.5889423076923077 0.0985576923076923 0.1778846153846154
0 0.6790865384615384 0.5444711538461539 0.08653846153846154 0.13221153846153846
0 0.4987980769230769 0.5697115384615384 0.09375 0.14423076923076922
0 0.7908653846153846 0.5168269230769231 0.07932692307692307 0.12980769230769232
0 0.28125 0.5060096153846154 0.0625 0.10096153846153846
0 0.1310096153846154 0.5961538461538461 0.09134615384615384 0.15144230769230768
0 0.8870192307692307 0.484375 0.07211538461538461 0.11057692307692307
0 0.3954326923076923 0.5108173076923077 0.055288461538461536 0.09375
0 0.6442307692307693 0.4050480769230769 0.04567307692307692 0.0673076923076923
0 0.5925480769230769 0.4891826923076923 0.04807692307692308 0.08413461538461539
0 0.5036057692307693 0.49158653846153844 0.05048076923076923 0.07211538461538461