1 0.5913461538461539 0.7776442307692307 0.10576923076923077 0.09615384615384616
1 0.28125 0.6923076923076923 0.0673076923076923 0.0625
1 0.3870192307692308 0.7319711538461539 0.055288461538461536 0.06009615384615385
1 0.5877403846153846 0.27884615384615385 0.04807692307692308 0.040865384615384616
0 0.04567307692307692 0.6370192307692307 0.040865384615384616 0.03365384615384615
0 0.16706730769230768 0.6706730769230769 0.040865384615384616 0.03125
0 0.007211538461538462 0.6129807692307693 0.014423076923076924 0.03365384615384615
0 0.10576923076923077 0.6586538461538461 0.036057692307692304 0.028846153846153848
0 0.08413461538461539 0.6346153846153846 0.03125 0.026442307692307692
0 0.14783653846153846 0.6550480769230769 0.03365384615384615 0.028846153846153848
0 0.19831730769230768 0.6682692307692307 0.03365384615384615 0.03125
0 0.2283653846153846 0.6682692307692307 0.040865384615384616 0.036057692307692304
0 0.4230769230769231 0.7103365384615384 0.036057692307692304 0.02403846153846154
0 0.5108173076923077 0.7319711538461539 0.03365384615384615 0.03125
0 0.7572115384615384 0.7848557692307693 0.036057692307692304 0.028846153846153848
0 0.3713942307692308 0.7019230769230769 0.03125 0.026442307692307692