1 0.3798076923076923 0.7716346153846154 0.0985576923076923 0.0889423076923077
1 0.6899038461538461 0.7079326923076923 0.0625 0.057692307692307696
1 0.5829326923076923 0.7403846153846154 0.05048076923076923 0.055288461538461536
1 0.4170673076923077 0.2824519230769231 0.04326923076923077 0.038461538461538464
0 0.9242788461538461 0.671875 0.040865384615384616 0.03125
0 0.8028846153846154 0.6971153846153846 0.038461538461538464 0.028846153846153848
0 0.9747596153846154 0.6490384615384616 0.036057692307692304 0.03125
0 0.8641826923076923 0.6875 0.03365384615384615 0.026442307692307692
0 0.8870192307692307 0.6658653846153846 0.028846153846153848 0.02403846153846154
0 0.8233173076923077 0.6826923076923077 0.03125 0.028846153846153848
0 0.7728365384615384 0.6899038461538461 0.03125 0.03125
0 0.7427884615384616 0.6887019230769231 0.040865384615384616 0.03365384615384615
0 0.5492788461538461 0.71875 0.03365384615384615 0.021634615384615384
0 0.46274038461538464 0.7331730769230769 0.03125 0.028846153846153848
0 0.21634615384615385 0.7680288461538461 0.03365384615384615 0.026442307692307692
0 0.5997596153846154 0.7127403846153846 0.028846153846153848 0.02403846153846154