1 0.8942307692307693 0.2956730769230769 0.1466346153846154 0.25721153846153844
1 0.8052884615384616 0.37259615384615385 0.1875 0.2692307692307692
1 0.7223557692307693 0.3713942307692308 0.08173076923076923 0.19230769230769232
1 0.6310096153846154 0.44711538461538464 0.057692307692307696 0.11298076923076923
1 0.5961538461538461 0.4387019230769231 0.07451923076923077 0.1346153846153846
1 0.5480769230769231 0.41947115384615385 0.10096153846153846 0.15144230769230768
1 0.44350961538461536 0.2932692307692308 0.18028846153846154 0.27884615384615385
1 0.28365384615384615 0.4026442307692308 0.13221153846153846 0.18509615384615385
1 0.15865384615384615 0.3173076923076923 0.15625 0.2620192307692308
1 0.08052884615384616 0.4411057692307692 0.10817307692307693 0.17067307692307693
1 0.03245192307692308 0.4326923076923077 0.06490384615384616 0.16346153846153846