1 0.6766826923076923 0.7524038461538461 0.10817307692307693 0.0985576923076923
1 0.34375 0.7728365384615384 0.0673076923076923 0.06490384615384616
1 0.46153846153846156 0.7764423076923077 0.055288461538461536 0.0625
1 0.5048076923076923 0.265625 0.04807692307692308 0.04326923076923077
0 0.09615384615384616 0.7992788461538461 0.04326923076923077 0.03365384615384615
0 0.2247596153846154 0.7908653846153846 0.040865384615384616 0.03365384615384615
0 0.046875 0.7884615384615384 0.019230769230769232 0.03125
0 0.16105769230769232 0.7992788461538461 0.036057692307692304 0.028846153846153848
0 0.13221153846153846 0.7836538461538461 0.03125 0.026442307692307692
0 0.20072115384615385 0.7824519230769231 0.03365384615384615 0.03125
0 0.2536057692307692 0.7764423076923077 0.03365384615384615 0.03365384615384615
0 0.28365384615384615 0.7668269230769231 0.04326923076923077 0.036057692307692304
0 0.4891826923076923 0.7439903846153846 0.038461538461538464 0.026442307692307692
0 0.5805288461538461 0.7355769230769231 0.03365384615384615 0.03125
0 0.8401442307692307 0.7043269230769231 0.036057692307692304 0.028846153846153848
0 0.43509615384615385 0.7524038461538461 0.03125 0.026442307692307692