1 0.10576923076923077 0.24519230769230768 0.20192307692307693 0.36778846153846156
1 0.8185096153846154 0.328125 0.21875 0.375
1 0.45913461538461536 0.2403846153846154 0.07451923076923077 0.14182692307692307
1 0.6069711538461539 0.23197115384615385 0.09615384615384616 0.1875
1 0.6790865384615384 0.22115384615384615 0.14182692307692307 0.22115384615384615
1 0.5252403846153846 0.22596153846153846 0.06490384615384616 0.125
1 0.3605769230769231 0.2403846153846154 0.0625 0.11057692307692307
1 0.40024038461538464 0.21995192307692307 0.055288461538461536 0.10817307692307693
1 0.27884615384615385 0.1814903846153846 0.057692307692307696 0.10096153846153846
0 0.234375 0.22115384615384615 0.08653846153846154 0.16346153846153846
0 0.96875 0.29447115384615385 0.0625 0.0985576923076923