1 0.10817307692307693 0.3125 0.14903846153846154 0.25961538461538464
1 0.19591346153846154 0.390625 0.18990384615384615 0.27163461538461536
1 0.27884615384615385 0.3894230769230769 0.08173076923076923 0.19230769230769232
1 0.37259615384615385 0.46634615384615385 0.06009615384615385 0.11538461538461539
1 0.4050480769230769 0.4567307692307692 0.07451923076923077 0.1346153846153846
1 0.4543269230769231 0.4375 0.10096153846153846 0.15144230769230768
1 0.5600961538461539 0.3112980769230769 0.18028846153846154 0.28125
1 0.7199519230769231 0.421875 0.13221153846153846 0.18509615384615385
1 0.8461538461538461 0.33533653846153844 0.15625 0.2644230769230769
1 0.9242788461538461 0.46033653846153844 0.10817307692307693 0.17307692307692307
1 0.96875 0.4519230769230769 0.0625 0.16346153846153846