1 0.734375 0.5084134615384616 0.0889423076923077 0.09615384615384616
1 0.3425480769230769 0.25721153846153844 0.0673076923076923 0.07451923076923077
1 0.44350961538461536 0.24879807692307693 0.0625 0.08653846153846154
1 0.359375 0.0829326923076923 0.052884615384615384 0.07451923076923077
1 0.6706730769230769 0.11177884615384616 0.06009615384615385 0.07932692307692307
1 0.8233173076923077 0.5336538461538461 0.07211538461538461 0.09134615384615384
0 0.16826923076923078 0.21514423076923078 0.04807692307692308 0.06009615384615385
0 0.055288461538461536 0.07572115384615384 0.03365384615384615 0.06009615384615385
0 0.8834134615384616 0.29927884615384615 0.05048076923076923 0.0625
0 0.8389423076923077 0.23197115384615385 0.05048076923076923 0.0625
0 0.7752403846153846 0.19591346153846154 0.052884615384615384 0.06971153846153846
0 0.6201923076923077 0.46634615384615385 0.06490384615384616 0.06971153846153846
0 0.5120192307692307 0.3545673076923077 0.0673076923076923 0.0673076923076923
0 0.6033653846153846 0.3713942307692308 0.0673076923076923 0.06971153846153846
0 0.31971153846153844 0.1201923076923077 0.05048076923076923 0.057692307692307696
0 0.4495192307692308 0.11057692307692307 0.04326923076923077 0.0625
0 0.4807692307692308 0.10216346153846154 0.04567307692307692 0.0625
0 0.5144230769230769 0.11899038461538461 0.04326923076923077 0.0625
0 0.5528846153846154 0.11899038461538461 0.04326923076923077 0.06009615384615385
0 0.5997596153846154 0.09615384615384616 0.06009615384615385 0.07451923076923077