0 0.3798076923076923 0.6009615384615384 0.12980769230769232 0.18509615384615385
0 0.20552884615384615 0.4266826923076923 0.08413461538461539 0.12740384615384615
0 0.5288461538461539 0.5168269230769231 0.09615384615384616 0.1346153846153846
0 0.08173076923076923 0.5552884615384616 0.12740384615384615 0.21875
0 0.7211538461538461 0.49158653846153844 0.07692307692307693 0.11057692307692307
0 0.3605769230769231 0.4170673076923077 0.0673076923076923 0.08413461538461539
0 0.5168269230769231 0.39302884615384615 0.055288461538461536 0.07692307692307693
0 0.59375 0.38822115384615385 0.052884615384615384 0.07451923076923077
0 0.8233173076923077 0.4879807692307692 0.0673076923076923 0.09375
0 0.8305288461538461 0.43149038461538464 0.052884615384615384 0.06971153846153846
0 0.8269230769230769 0.38822115384615385 0.036057692307692304 0.057692307692307696
0 0.8966346153846154 0.41466346153846156 0.0673076923076923 0.08413461538461539