0 0.3233173076923077 0.6081730769230769 0.12740384615384615 0.18269230769230768
0 0.13942307692307693 0.44350961538461536 0.08173076923076923 0.12740384615384615
0 0.4651442307692308 0.5168269230769231 0.09375 0.13221153846153846
0 0.040865384615384616 0.5769230769230769 0.08173076923076923 0.21634615384615385
0 0.6586538461538461 0.48197115384615385 0.07451923076923077 0.10817307692307693
0 0.29447115384615385 0.4254807692307692 0.0673076923076923 0.08173076923076923
0 0.44711538461538464 0.3942307692307692 0.052884615384615384 0.07692307692307693
0 0.5252403846153846 0.38461538461538464 0.052884615384615384 0.07211538461538461
0 0.7608173076923077 0.4723557692307692 0.0673076923076923 0.09375
0 0.7644230769230769 0.41466346153846156 0.052884615384615384 0.0673076923076923
0 0.7584134615384616 0.37259615384615385 0.036057692307692304 0.057692307692307696
0 0.8293269230769231 0.3954326923076923 0.0673076923076923 0.08173076923076923