0 0.07932692307692307 0.3762019230769231 0.07932692307692307 0.12740384615384615
0 0.6502403846153846 0.4026442307692308 0.06490384615384616 0.11298076923076923
0 0.21634615384615385 0.40625 0.057692307692307696 0.10817307692307693
0 0.35336538461538464 0.4266826923076923 0.040865384615384616 0.07211538461538461
0 0.019230769230769232 0.4362980769230769 0.036057692307692304 0.10096153846153846
0 0.15625 0.45072115384615385 0.06009615384615385 0.09615384615384616
0 0.28365384615384615 0.4326923076923077 0.04807692307692308 0.09615384615384616
0 0.42788461538461536 0.421875 0.052884615384615384 0.09134615384615384
0 0.4699519230769231 0.4182692307692308 0.04567307692307692 0.07451923076923077
0 0.5492788461538461 0.41947115384615385 0.04807692307692308 0.09134615384615384
0 0.5817307692307693 0.4338942307692308 0.038461538461538464 0.07211538461538461
0 0.7548076923076923 0.4362980769230769 0.0625 0.10576923076923077
0 0.7247596153846154 0.41346153846153844 0.04326923076923077 0.09615384615384616
0 0.8100961538461539 0.43509615384615385 0.04326923076923077 0.07932692307692307
0 0.9014423076923077 0.4014423076923077 0.06009615384615385 0.0985576923076923