1 0.8665865384615384 0.26322115384615385 0.07692307692307693 0.10817307692307693
1 0.6177884615384616 0.3557692307692308 0.052884615384615384 0.08653846153846154
1 0.6646634615384616 0.359375 0.040865384615384616 0.07451923076923077
1 0.36177884615384615 0.36778846153846156 0.04807692307692308 0.08413461538461539
1 0.41225961538461536 0.3545673076923077 0.04567307692307692 0.08173076923076923
1 0.296875 0.3701923076923077 0.04326923076923077 0.07932692307692307
1 0.2403846153846154 0.3641826923076923 0.04567307692307692 0.08653846153846154
1 0.15865384615384615 0.37740384615384615 0.040865384615384616 0.08653846153846154
1 0.11899038461538461 0.3485576923076923 0.052884615384615384 0.09134615384615384
1 0.7644230769230769 0.3581730769230769 0.05048076923076923 0.08173076923076923
1 0.9651442307692307 0.36177884615384615 0.05048076923076923 0.10336538461538461
1 0.8605769230769231 0.34134615384615385 0.038461538461538464 0.08413461538461539
1 0.8425480769230769 0.3581730769230769 0.038461538461538464 0.09615384615384616