0 0.007211538461538462 0.4170673076923077 0.014423076923076924 0.12740384615384615
0 0.9435096153846154 0.3629807692307692 0.08173076923076923 0.12740384615384615
0 0.3798076923076923 0.39783653846153844 0.06490384615384616 0.11298076923076923
0 0.8100961538461539 0.3942307692307692 0.057692307692307696 0.10817307692307693
0 0.6742788461538461 0.41586538461538464 0.040865384615384616 0.07211538461538461
0 0.9915865384615384 0.4206730769230769 0.014423076923076924 0.10096153846153846
0 0.8689903846153846 0.4375 0.06009615384615385 0.09615384615384616
0 0.7427884615384616 0.4206730769230769 0.04807692307692308 0.09375
0 0.5985576923076923 0.41466346153846156 0.055288461538461536 0.09134615384615384
0 0.5576923076923077 0.4098557692307692 0.04567307692307692 0.07451923076923077
0 0.4795673076923077 0.41346153846153844 0.04807692307692308 0.09134615384615384
0 0.4483173076923077 0.42788461538461536 0.038461538461538464 0.07211538461538461
0 0.2776442307692308 0.4338942307692308 0.0625 0.10576923076923077
0 0.3076923076923077 0.4098557692307692 0.04326923076923077 0.09375
0 0.22355769230769232 0.4338942307692308 0.04326923076923077 0.07692307692307693
0 0.1310096153846154 0.4014423076923077 0.0625 0.0985576923076923