0 0.019230769230769232 0.41225961538461536 0.038461538461538464 0.12259615384615384
0 0.921875 0.375 0.07451923076923077 0.11778846153846154
0 0.38822115384615385 0.39903846153846156 0.057692307692307696 0.10576923076923077
0 0.7944711538461539 0.4014423076923077 0.052884615384615384 0.10096153846153846
0 0.6658653846153846 0.4206730769230769 0.036057692307692304 0.0673076923076923
0 0.9795673076923077 0.43028846153846156 0.038461538461538464 0.09375
0 0.8497596153846154 0.44471153846153844 0.057692307692307696 0.0889423076923077
0 0.7307692307692307 0.4254807692307692 0.04326923076923077 0.0889423076923077
0 0.5961538461538461 0.4170673076923077 0.05048076923076923 0.08653846153846154
0 0.5564903846153846 0.41346153846153844 0.040865384615384616 0.06971153846153846
0 0.48197115384615385 0.41346153846153844 0.04326923076923077 0.08653846153846154
0 0.4519230769230769 0.42788461538461536 0.036057692307692304 0.0673076923076923
0 0.29086538461538464 0.43028846153846156 0.057692307692307696 0.0985576923076923
0 0.31850961538461536 0.40865384615384615 0.040865384615384616 0.0889423076923077
0 0.23918269230769232 0.43028846153846156 0.040865384615384616 0.07451923076923077
0 0.15384615384615385 0.39783653846153844 0.057692307692307696 0.09134615384615384