1 0.859375 0.18629807692307693 0.09134615384615384 0.1201923076923077
1 0.6057692307692307 0.30528846153846156 0.0625 0.09615384615384616
1 0.6538461538461539 0.30649038461538464 0.05048076923076923 0.08173076923076923
1 0.33653846153846156 0.3449519230769231 0.057692307692307696 0.09375
1 0.38822115384615385 0.32572115384615385 0.055288461538461536 0.09134615384615384
1 0.26802884615384615 0.35336538461538464 0.052884615384615384 0.08653846153846154
1 0.20673076923076922 0.35216346153846156 0.055288461538461536 0.09615384615384616
1 0.12259615384615384 0.37259615384615385 0.052884615384615384 0.09615384615384616
1 0.078125 0.34615384615384615 0.0625 0.10096153846153846
1 0.7608173076923077 0.296875 0.06009615384615385 0.09134615384615384
1 0.9627403846153846 0.28365384615384615 0.040865384615384616 0.11057692307692307
1 0.8605769230769231 0.2692307692307692 0.04807692307692308 0.09134615384615384
1 0.84375 0.28846153846153844 0.05048076923076923 0.10576923076923077