1 0.8774038461538461 0.2091346153846154 0.08173076923076923 0.11298076923076923
1 0.6117788461538461 0.30649038461538464 0.055288461538461536 0.09375
1 0.6622596153846154 0.3112980769230769 0.04326923076923077 0.07932692307692307
1 0.34134615384615385 0.32091346153846156 0.05048076923076923 0.0889423076923077
1 0.3942307692307692 0.3076923076923077 0.04807692307692308 0.08653846153846154
1 0.27283653846153844 0.3233173076923077 0.04567307692307692 0.08413461538461539
1 0.2127403846153846 0.3173076923076923 0.04807692307692308 0.09375
1 0.125 0.33052884615384615 0.04326923076923077 0.09375
1 0.08413461538461539 0.3004807692307692 0.055288461538461536 0.09615384615384616
1 0.7692307692307693 0.31009615384615385 0.052884615384615384 0.08653846153846154
1 0.9759615384615384 0.3137019230769231 0.040865384615384616 0.10817307692307693
1 0.8701923076923077 0.2920673076923077 0.040865384615384616 0.0889423076923077
1 0.8521634615384616 0.31009615384615385 0.040865384615384616 0.10336538461538461