0 0.6730769230769231 0.6899038461538461 0.125 0.18269230769230768
0 0.8545673076923077 0.5216346153846154 0.08173076923076923 0.125
0 0.5288461538461539 0.6009615384615384 0.09134615384615384 0.12980769230769232
0 0.9579326923076923 0.6538461538461539 0.08413461538461539 0.21634615384615385
0 0.33413461538461536 0.5685096153846154 0.07451923076923077 0.10817307692307693
0 0.6983173076923077 0.5060096153846154 0.06490384615384616 0.08173076923076923
0 0.5432692307692307 0.47716346153846156 0.052884615384615384 0.07692307692307693
0 0.46634615384615385 0.46875 0.05048076923076923 0.07211538461538461
0 0.23197115384615385 0.5612980769230769 0.06490384615384616 0.09375
0 0.22716346153846154 0.5048076923076923 0.052884615384615384 0.0673076923076923
0 0.23197115384615385 0.46153846153846156 0.03365384615384615 0.057692307692307696
0 0.16105769230769232 0.4855769230769231 0.06490384615384616 0.08173076923076923