1 0.7175480769230769 0.47836538461538464 0.07932692307692307 0.0889423076923077
1 0.3125 0.27524038461538464 0.06009615384615385 0.0673076923076923
1 0.40865384615384615 0.25600961538461536 0.055288461538461536 0.07932692307692307
1 0.31009615384615385 0.1045673076923077 0.04807692307692308 0.06971153846153846
1 0.6153846153846154 0.09975961538461539 0.052884615384615384 0.07211538461538461
1 0.8064903846153846 0.49278846153846156 0.0625 0.08413461538461539
0 0.13822115384615385 0.2512019230769231 0.04326923076923077 0.055288461538461536
0 0.015625 0.12860576923076922 0.026442307692307692 0.057692307692307696
0 0.8413461538461539 0.25961538461538464 0.04326923076923077 0.057692307692307696
0 0.7908653846153846 0.19951923076923078 0.04326923076923077 0.057692307692307696
0 0.7259615384615384 0.171875 0.04807692307692308 0.06490384615384616
0 0.6021634615384616 0.4483173076923077 0.057692307692307696 0.0625
0 0.48677884615384615 0.35096153846153844 0.06009615384615385 0.06009615384615385
0 0.5769230769230769 0.359375 0.06009615384615385 0.0625
0 0.2764423076923077 0.14302884615384615 0.04567307692307692 0.052884615384615384
0 0.40024038461538464 0.12139423076923077 0.038461538461538464 0.057692307692307696
0 0.43028846153846156 0.11177884615384616 0.040865384615384616 0.057692307692307696
0 0.4651442307692308 0.12259615384615384 0.038461538461538464 0.057692307692307696
0 0.5012019230769231 0.11899038461538461 0.038461538461538464 0.055288461538461536
0 0.5444711538461539 0.09254807692307693 0.055288461538461536 0.06971153846153846