0 0.9362980769230769 0.234375 0.07692307692307693 0.12980769230769232
0 0.9074519230769231 0.2956730769230769 0.04326923076923077 0.08653846153846154
0 0.8737980769230769 0.2980769230769231 0.036057692307692304 0.07932692307692307
0 0.7776442307692307 0.2439903846153846 0.05048076923076923 0.09615384615384616
1 0.7451923076923077 0.2704326923076923 0.040865384615384616 0.09615384615384616
0 0.6790865384615384 0.2824519230769231 0.040865384615384616 0.10096153846153846
0 0.6514423076923077 0.27884615384615385 0.040865384615384616 0.07692307692307693
0 0.5625 0.27283653846153844 0.036057692307692304 0.07692307692307693
0 0.5324519230769231 0.2956730769230769 0.036057692307692304 0.06971153846153846
0 0.46634615384615385 0.296875 0.04326923076923077 0.07211538461538461
0 0.4338942307692308 0.32572115384615385 0.03365384615384615 0.07692307692307693
0 0.3954326923076923 0.3293269230769231 0.03365384615384615 0.07211538461538461
0 0.29086538461538464 0.328125 0.03125 0.07211538461538461
0 0.12860576923076922 0.28365384615384615 0.036057692307692304 0.07932692307692307
0 0.15504807692307693 0.28725961538461536 0.026442307692307692 0.06009615384615385