1 0.3137019230769231 0.5661057692307693 0.07692307692307693 0.1201923076923077
1 0.6754807692307693 0.46153846153846156 0.04807692307692308 0.07211538461538461
1 0.6213942307692307 0.4699519230769231 0.04807692307692308 0.07451923076923077
1 0.47716346153846156 0.48677884615384615 0.052884615384615384 0.07932692307692307
1 0.5012019230769231 0.49278846153846156 0.040865384615384616 0.06490384615384616
1 0.22596153846153846 0.5456730769230769 0.057692307692307696 0.09375
1 0.25600961538461536 0.5144230769230769 0.057692307692307696 0.0889423076923077
1 0.038461538461538464 0.5769230769230769 0.0673076923076923 0.10336538461538461
0 0.3701923076923077 0.4963942307692308 0.04567307692307692 0.06971153846153846
0 0.39783653846153844 0.49399038461538464 0.04567307692307692 0.07692307692307693
0 0.42788461538461536 0.5 0.057692307692307696 0.08653846153846154