1 0.8076923076923077 0.7247596153846154 0.08173076923076923 0.11538461538461539
1 0.8064903846153846 0.5721153846153846 0.0673076923076923 0.09615384615384616
1 0.7271634615384616 0.3401442307692308 0.036057692307692304 0.07932692307692307
1 0.6706730769230769 0.6742788461538461 0.055288461538461536 0.07932692307692307
1 0.5216346153846154 0.5528846153846154 0.04807692307692308 0.06971153846153846
1 0.49759615384615385 0.5144230769230769 0.05048076923076923 0.06971153846153846
1 0.43990384615384615 0.5709134615384616 0.057692307692307696 0.06490384615384616
1 0.03245192307692308 0.22235576923076922 0.04567307692307692 0.10096153846153846
1 0.06129807692307692 0.25721153846153844 0.038461538461538464 0.07451923076923077
1 0.08413461538461539 0.23798076923076922 0.040865384615384616 0.07692307692307693
0 0.010817307692307692 0.24158653846153846 0.021634615384615384 0.0889423076923077