1 0.8149038461538461 0.6634615384615384 0.0889423076923077 0.11538461538461539
1 0.8004807692307693 0.5204326923076923 0.07211538461538461 0.0985576923076923
1 0.7043269230769231 0.30649038461538464 0.040865384615384616 0.07692307692307693
1 0.6790865384615384 0.6274038461538461 0.06009615384615385 0.07932692307692307
1 0.5288461538461539 0.5252403846153846 0.05048076923076923 0.06971153846153846
1 0.5024038461538461 0.49158653846153844 0.052884615384615384 0.06971153846153846
1 0.453125 0.5492788461538461 0.06009615384615385 0.0673076923076923
1 0.037259615384615384 0.25240384615384615 0.052884615384615384 0.0985576923076923
1 0.06971153846153846 0.28365384615384615 0.040865384615384616 0.07211538461538461
1 0.09014423076923077 0.2644230769230769 0.04567307692307692 0.07451923076923077
0 0.016826923076923076 0.27403846153846156 0.03365384615384615 0.08653846153846154
0 0.01201923076923077 0.36778846153846156 0.02403846153846154 0.08653846153846154