1 0.12980769230769232 0.7019230769230769 0.09615384615384616 0.125
1 0.15264423076923078 0.5516826923076923 0.07932692307692307 0.10576923076923077
1 0.2644230769230769 0.33533653846153844 0.04567307692307692 0.08173076923076923
1 0.27283653846153844 0.671875 0.06490384615384616 0.08653846153846154
1 0.4362980769230769 0.5721153846153846 0.055288461538461536 0.07692307692307693
1 0.4651442307692308 0.5384615384615384 0.057692307692307696 0.07692307692307693
1 0.5144230769230769 0.6021634615384616 0.06490384615384616 0.07211538461538461
1 0.9651442307692307 0.31490384615384615 0.057692307692307696 0.10336538461538461
1 0.9314903846153846 0.34615384615384615 0.04807692307692308 0.07692307692307693
1 0.9110576923076923 0.3245192307692308 0.05048076923076923 0.08173076923076923
0 0.9831730769230769 0.3401442307692308 0.03365384615384615 0.09375
0 0.9831730769230769 0.4362980769230769 0.03365384615384615 0.09375