1 0.5336538461538461 0.6177884615384616 0.1346153846153846 0.17307692307692307
1 0.4170673076923077 0.1935096153846154 0.15625 0.20673076923076922
1 0.36658653846153844 0.109375 0.08653846153846154 0.125
1 0.6670673076923077 0.5084134615384616 0.11298076923076923 0.15144230769230768
1 0.5805288461538461 0.14423076923076922 0.07692307692307693 0.1201923076923077
1 0.6778846153846154 0.5913461538461539 0.12980769230769232 0.16105769230769232
0 0.8485576923076923 0.3329326923076923 0.10336538461538461 0.15144230769230768
0 0.5276442307692307 0.23798076923076922 0.09375 0.13942307692307693
0 0.28365384615384615 0.08173076923076923 0.10336538461538461 0.16105769230769232
0 0.5132211538461539 0.15504807692307693 0.0673076923076923 0.09134615384615384
0 0.1346153846153846 0.009615384615384616 0.0625 0.019230769230769232