0 0.7199519230769231 0.49399038461538464 0.0889423076923077 0.12259615384615384
0 0.36899038461538464 0.42427884615384615 0.0625 0.08653846153846154
0 0.6310096153846154 0.4423076923076923 0.07211538461538461 0.09134615384615384
0 0.47596153846153844 0.4326923076923077 0.052884615384615384 0.08173076923076923
0 0.7704326923076923 0.48677884615384615 0.057692307692307696 0.08413461538461539
0 0.5216346153846154 0.4567307692307692 0.055288461538461536 0.08173076923076923
0 0.9086538461538461 0.5300480769230769 0.05048076923076923 0.06971153846153846
0 0.3269230769230769 0.421875 0.05048076923076923 0.07211538461538461
0 0.25721153846153844 0.421875 0.038461538461538464 0.055288461538461536
0 0.21634615384615385 0.41225961538461536 0.040865384615384616 0.055288461538461536
0 0.051682692307692304 0.37259615384615385 0.04567307692307692 0.0625