0 0.7211538461538461 0.42427884615384615 0.07932692307692307 0.125
0 0.33653846153846156 0.40384615384615385 0.055288461538461536 0.0889423076923077
0 0.6189903846153846 0.38341346153846156 0.06490384615384616 0.09134615384615384
0 0.4519230769230769 0.39663461538461536 0.04807692307692308 0.08173076923076923
0 0.7752403846153846 0.4098557692307692 0.052884615384615384 0.08653846153846154
0 0.5036057692307693 0.41466346153846156 0.05048076923076923 0.08173076923076923
0 0.9290865384615384 0.4338942307692308 0.04567307692307692 0.06971153846153846
0 0.2920673076923077 0.4074519230769231 0.04567307692307692 0.07451923076923077
0 0.21634615384615385 0.4182692307692308 0.03365384615384615 0.055288461538461536
0 0.171875 0.41346153846153844 0.036057692307692304 0.055288461538461536
0 0.006009615384615385 0.39663461538461536 0.009615384615384616 0.0625