1 0.5444711538461539 0.5733173076923077 0.10576923076923077 0.14903846153846154
1 0.38221153846153844 0.20072115384615385 0.12259615384615384 0.1778846153846154
1 0.3245192307692308 0.12980769230769232 0.0673076923076923 0.10817307692307693
1 0.6514423076923077 0.45552884615384615 0.0889423076923077 0.12980769230769232
1 0.5264423076923077 0.13581730769230768 0.057692307692307696 0.10576923076923077
1 0.671875 0.53125 0.10336538461538461 0.13701923076923078
0 0.796875 0.27283653846153844 0.07932692307692307 0.13221153846153846
0 0.4879807692307692 0.2283653846153846 0.07211538461538461 0.1201923076923077
0 0.2439903846153846 0.11658653846153846 0.07932692307692307 0.14182692307692307
0 0.4639423076923077 0.15264423076923078 0.052884615384615384 0.07932692307692307
0 0.09375 0.038461538461538464 0.05048076923076923 0.07211538461538461