0 0.2920673076923077 0.43028846153846156 0.08653846153846154 0.1201923076923077
0 0.6466346153846154 0.46153846153846156 0.06009615384615385 0.08653846153846154
0 0.390625 0.40625 0.06971153846153846 0.0889423076923077
0 0.5408653846153846 0.43990384615384615 0.05048076923076923 0.07932692307692307
0 0.24278846153846154 0.4098557692307692 0.055288461538461536 0.08413461538461539
0 0.49158653846153844 0.45072115384615385 0.052884615384615384 0.08173076923076923
0 0.09975961538461539 0.41346153846153844 0.04807692307692308 0.06971153846153846
0 0.6862980769230769 0.4699519230769231 0.04807692307692308 0.07211538461538461
0 0.7548076923076923 0.4891826923076923 0.036057692307692304 0.052884615384615384
0 0.7956730769230769 0.49158653846153844 0.038461538461538464 0.052884615384615384
0 0.9639423076923077 0.4987980769230769 0.04567307692307692 0.06009615384615385