1 0.6899038461538461 0.5324519230769231 0.057692307692307696 0.10576923076923077
1 0.3401442307692308 0.48197115384615385 0.036057692307692304 0.0625
1 0.390625 0.4831730769230769 0.036057692307692304 0.06490384615384616
1 0.5288461538461539 0.4795673076923077 0.040865384615384616 0.07211538461538461
1 0.5060096153846154 0.4879807692307692 0.028846153846153848 0.057692307692307696
1 0.7692307692307693 0.5012019230769231 0.04567307692307692 0.08173076923076923
1 0.7367788461538461 0.47716346153846156 0.04326923076923077 0.07932692307692307
1 0.9471153846153846 0.5060096153846154 0.05048076923076923 0.09134615384615384
0 0.6298076923076923 0.47475961538461536 0.036057692307692304 0.06009615384615385
0 0.6033653846153846 0.47596153846153844 0.03125 0.0673076923076923
0 0.5745192307692307 0.48677884615384615 0.04326923076923077 0.07692307692307693