1 0.3894230769230769 0.24759615384615385 0.07692307692307693 0.13942307692307693
1 0.12740384615384615 0.24759615384615385 0.07451923076923077 0.13942307692307693
1 0.7584134615384616 0.31971153846153844 0.07692307692307693 0.13701923076923078
1 0.3317307692307692 0.265625 0.0625 0.11057692307692307
1 0.6826923076923077 0.33653846153846156 0.05048076923076923 0.09134615384615384
0 0.5925480769230769 0.29927884615384615 0.07692307692307693 0.13942307692307693
0 0.8100961538461539 0.3317307692307692 0.06009615384615385 0.10096153846153846
0 0.6526442307692307 0.3329326923076923 0.036057692307692304 0.07211538461538461
0 0.44591346153846156 0.2980769230769231 0.036057692307692304 0.0625
1 0.2800480769230769 0.2692307692307692 0.038461538461538464 0.07211538461538461
1 0.23317307692307693 0.26802884615384615 0.052884615384615384 0.09375