0 0.8004807692307693 0.2800480769230769 0.09375 0.18269230769230768
0 0.6310096153846154 0.31009615384615385 0.11538461538461539 0.1875
0 0.078125 0.33413461538461536 0.15384615384615385 0.2644230769230769
0 0.3701923076923077 0.3713942307692308 0.07451923076923077 0.12980769230769232
0 0.44350961538461536 0.3004807692307692 0.12259615384615384 0.19951923076923078
0 0.24519230769230768 0.3389423076923077 0.11778846153846154 0.21875
0 0.02283653846153846 0.2776442307692308 0.04567307692307692 0.25721153846153844
0 0.9362980769230769 0.3605769230769231 0.057692307692307696 0.09615384615384616
0 0.5372596153846154 0.38822115384615385 0.05048076923076923 0.08653846153846154
0 0.18629807692307693 0.41225961538461536 0.0673076923076923 0.12740384615384615
0 0.7223557692307693 0.38221153846153844 0.04807692307692308 0.0889423076923077