0 0.9471153846153846 0.3161057692307692 0.09375 0.17067307692307693
0 0.7319711538461539 0.3317307692307692 0.08653846153846154 0.1658653846153846
0 0.23798076923076922 0.47716346153846156 0.11298076923076923 0.19471153846153846
0 0.6021634615384616 0.3425480769230769 0.08173076923076923 0.18269230769230768
0 0.13701923076923078 0.3329326923076923 0.14903846153846154 0.33413461538461536
0 0.44711538461538464 0.3545673076923077 0.10336538461538461 0.18990384615384615
0 0.3389423076923077 0.4891826923076923 0.11778846153846154 0.21153846153846154
0 0.5576923076923077 0.35216346153846156 0.055288461538461536 0.1346153846153846
0 0.04567307692307692 0.35096153846153844 0.09134615384615384 0.3605769230769231
0 0.6790865384615384 0.40865384615384615 0.04807692307692308 0.10817307692307693
0 0.8401442307692307 0.40384615384615385 0.028846153846153848 0.057692307692307696