0 0.036057692307692304 0.3713942307692308 0.07211538461538461 0.18028846153846154
0 0.23677884615384615 0.35697115384615385 0.10576923076923077 0.1778846153846154
0 0.7572115384615384 0.4338942307692308 0.1346153846153846 0.2091346153846154
0 0.3701923076923077 0.3485576923076923 0.10336538461538461 0.19471153846153846
0 0.8389423076923077 0.27403846153846156 0.1875 0.35336538461538464
0 0.5276442307692307 0.3389423076923077 0.125 0.20192307692307693
0 0.65625 0.46033653846153844 0.14182692307692307 0.2283653846153846
0 0.4170673076923077 0.35336538461538464 0.06971153846153846 0.14182692307692307
0 0.9326923076923077 0.2800480769230769 0.12980769230769232 0.37259615384615385
0 0.3016826923076923 0.42788461538461536 0.06009615384615385 0.11538461538461539
0 0.13822115384615385 0.44471153846153844 0.036057692307692304 0.06009615384615385