0 0.71875 0.5961538461538461 0.06971153846153846 0.10817307692307693
0 0.4831730769230769 0.5829326923076923 0.06009615384615385 0.07692307692307693
0 0.9723557692307693 0.5949519230769231 0.05048076923076923 0.09375
0 0.7632211538461539 0.6177884615384616 0.055288461538461536 0.08413461538461539
0 0.859375 0.6069711538461539 0.0673076923076923 0.07932692307692307
0 0.9338942307692307 0.6177884615384616 0.05048076923076923 0.06971153846153846
0 0.5949519230769231 0.5697115384615384 0.040865384615384616 0.055288461538461536
0 0.53125 0.5793269230769231 0.04807692307692308 0.07211538461538461
0 0.4074519230769231 0.5552884615384616 0.055288461538461536 0.06490384615384616
0 0.2824519230769231 0.5396634615384616 0.055288461538461536 0.07451923076923077
0 0.18509615384615385 0.5420673076923077 0.04807692307692308 0.06009615384615385
0 0.1201923076923077 0.5144230769230769 0.040865384615384616 0.055288461538461536
0 0.03485576923076923 0.5396634615384616 0.052884615384615384 0.06971153846153846
0 0.5685096153846154 0.5793269230769231 0.02403846153846154 0.040865384615384616