1 0.6430288461538461 0.27283653846153844 0.0673076923076923 0.1346153846153846
1 0.8990384615384616 0.3088942307692308 0.0625 0.1346153846153846
1 0.2764423076923077 0.2920673076923077 0.06490384615384616 0.12980769230769232
1 0.6983173076923077 0.29927884615384615 0.052884615384615384 0.10576923076923077
1 0.34615384615384615 0.31971153846153844 0.04326923076923077 0.08653846153846154
0 0.43990384615384615 0.296875 0.0673076923076923 0.1346153846153846
0 0.22355769230769232 0.2980769230769231 0.052884615384615384 0.09615384615384616
0 0.3762019230769231 0.31971153846153844 0.03125 0.0673076923076923
0 0.5817307692307693 0.31490384615384615 0.03125 0.057692307692307696
1 0.7487980769230769 0.3088942307692308 0.03365384615384615 0.0673076923076923
1 0.7944711538461539 0.3137019230769231 0.04567307692307692 0.0889423076923077