0 0.7932692307692307 0.35336538461538464 0.09615384615384616 0.17548076923076922
0 0.6286057692307693 0.35336538461538464 0.11538461538461539 0.18028846153846154
0 0.1045673076923077 0.2848557692307692 0.15625 0.2548076923076923
0 0.3737980769230769 0.36778846153846156 0.07451923076923077 0.125
0 0.4543269230769231 0.3125 0.12259615384615384 0.19471153846153846
0 0.2620192307692308 0.3173076923076923 0.1201923076923077 0.21153846153846154
0 0.052884615384615384 0.21995192307692307 0.07692307692307693 0.24759615384615385
0 0.90625 0.4519230769230769 0.057692307692307696 0.09375
0 0.5264423076923077 0.4098557692307692 0.05048076923076923 0.08413461538461539
0 0.1935096153846154 0.375 0.06971153846153846 0.12259615384615384
0 0.7019230769230769 0.4362980769230769 0.05048076923076923 0.08653846153846154