0 0.8269230769230769 0.2608173076923077 0.08653846153846154 0.1875
0 0.6502403846153846 0.2824519230769231 0.11057692307692307 0.18990384615384615
0 0.07692307692307693 0.2776442307692308 0.1466346153846154 0.2692307692307692
0 0.37740384615384615 0.3329326923076923 0.0673076923076923 0.13221153846153846
0 0.4579326923076923 0.26322115384615385 0.11538461538461539 0.20432692307692307
0 0.25 0.2932692307692308 0.11057692307692307 0.22355769230769232
0 0.021634615384615384 0.2127403846153846 0.04326923076923077 0.2668269230769231
0 0.9615384615384616 0.35216346153846156 0.055288461538461536 0.0985576923076923
0 0.5480769230769231 0.3581730769230769 0.04807692307692308 0.0889423076923077
0 0.18389423076923078 0.36538461538461536 0.06490384615384616 0.12740384615384615
0 0.7403846153846154 0.3629807692307692 0.04567307692307692 0.09134615384615384