1 0.6322115384615384 0.2692307692307692 0.0625 0.12980769230769232
1 0.8858173076923077 0.2956730769230769 0.057692307692307696 0.12980769230769232
1 0.2692307692307692 0.3004807692307692 0.06009615384615385 0.12740384615384615
1 0.6875 0.2920673076923077 0.04807692307692308 0.10336538461538461
1 0.3389423076923077 0.32572115384615385 0.038461538461538464 0.08413461538461539
0 0.43028846153846156 0.29927884615384615 0.0625 0.12980769230769232
0 0.21634615384615385 0.3076923076923077 0.04807692307692308 0.09375
0 0.36899038461538464 0.3245192307692308 0.028846153846153848 0.0673076923076923
0 0.5721153846153846 0.3125 0.028846153846153848 0.057692307692307696
1 0.7367788461538461 0.3004807692307692 0.03125 0.0673076923076923
1 0.7824519230769231 0.30408653846153844 0.04326923076923077 0.08653846153846154