0 0.6983173076923077 0.5829326923076923 0.07211538461538461 0.10576923076923077
0 0.47115384615384615 0.5528846153846154 0.0625 0.07692307692307693
0 0.9495192307692307 0.5985576923076923 0.0673076923076923 0.09375
0 0.7391826923076923 0.6057692307692307 0.057692307692307696 0.08413461538461539
0 0.8341346153846154 0.6009615384615384 0.06971153846153846 0.07932692307692307
0 0.9038461538461539 0.6177884615384616 0.052884615384615384 0.06971153846153846
0 0.5805288461538461 0.546875 0.040865384615384616 0.055288461538461536
0 0.5204326923076923 0.5540865384615384 0.05048076923076923 0.06971153846153846
0 0.40024038461538464 0.5216346153846154 0.055288461538461536 0.06490384615384616
0 0.28125 0.49759615384615385 0.057692307692307696 0.07451923076923077
0 0.1875 0.49399038461538464 0.05048076923076923 0.06009615384615385
0 0.12740384615384615 0.46274038461538464 0.040865384615384616 0.055288461538461536
0 0.009615384615384616 0.4519230769230769 0.019230769230769232 0.0673076923076923
0 0.04326923076923077 0.4807692307692308 0.055288461538461536 0.06971153846153846
0 0.5552884615384616 0.5564903846153846 0.026442307692307692 0.040865384615384616