0 0.038461538461538464 0.29927884615384615 0.0673076923076923 0.16826923076923078
0 0.4050480769230769 0.42908653846153844 0.16346153846153846 0.28846153846153844
0 0.10336538461538461 0.37740384615384615 0.09134615384615384 0.14903846153846154
0 0.2980769230769231 0.32572115384615385 0.06971153846153846 0.13701923076923078
0 0.9747596153846154 0.3329326923076923 0.05048076923076923 0.17067307692307693
0 0.17548076923076922 0.3605769230769231 0.11057692307692307 0.20432692307692307
0 0.7776442307692307 0.4423076923076923 0.16346153846153846 0.2932692307692308
0 0.5024038461538461 0.22355769230769232 0.0625 0.13942307692307693
0 0.8798076923076923 0.3485576923076923 0.10576923076923077 0.17548076923076922
0 0.9963942307692307 0.24519230769230768 0.007211538461538462 0.11057692307692307
0 0.8966346153846154 0.2091346153846154 0.055288461538461536 0.08413461538461539
0 0.7127403846153846 0.2644230769230769 0.038461538461538464 0.07932692307692307
0 0.6081730769230769 0.2512019230769231 0.057692307692307696 0.10336538461538461
0 0.39783653846153844 0.27524038461538464 0.07211538461538461 0.10576923076923077