1 0.39302884615384615 0.24519230769230768 0.13701923076923078 0.15865384615384615
1 0.4807692307692308 0.27163461538461536 0.18269230769230768 0.19951923076923078
1 0.9399038461538461 0.20673076923076922 0.06009615384615385 0.0889423076923077
1 0.7307692307692307 0.2283653846153846 0.08173076923076923 0.09375
1 0.8557692307692307 0.3245192307692308 0.06971153846153846 0.08653846153846154
1 0.6935096153846154 0.2848557692307692 0.09134615384615384 0.11057692307692307
0 0.7139423076923077 0.0985576923076923 0.0625 0.08653846153846154
0 0.6045673076923077 0.13221153846153846 0.055288461538461536 0.07451923076923077
0 0.5324519230769231 0.13942307692307693 0.07211538461538461 0.08173076923076923
0 0.26322115384615385 0.265625 0.06490384615384616 0.08173076923076923
0 0.28725961538461536 0.17427884615384615 0.06971153846153846 0.08653846153846154
0 0.45072115384615385 0.15144230769230768 0.0673076923076923 0.08173076923076923
0 0.13581730769230768 0.1778846153846154 0.052884615384615384 0.07451923076923077