1 0.09495192307692307 0.3076923076923077 0.09615384615384616 0.13221153846153846
1 0.021634615384615384 0.29927884615384615 0.04326923076923077 0.12740384615384615
1 0.2403846153846154 0.2668269230769231 0.07211538461538461 0.11057692307692307
1 0.5649038461538461 0.2247596153846154 0.0673076923076923 0.10336538461538461
1 0.40625 0.2548076923076923 0.07692307692307693 0.11057692307692307
1 0.29447115384615385 0.25841346153846156 0.06009615384615385 0.0985576923076923
1 0.6935096153846154 0.23317307692307693 0.06490384615384616 0.09615384615384616
1 0.4795673076923077 0.23918269230769232 0.057692307692307696 0.09134615384615384
1 0.9074519230769231 0.17908653846153846 0.06490384615384616 0.0985576923076923
1 0.828125 0.31490384615384615 0.07692307692307693 0.08413461538461539
1 0.8040865384615384 0.20432692307692307 0.04807692307692308 0.07451923076923077
1 0.19110576923076922 0.30528846153846156 0.07211538461538461 0.12980769230769232
1 0.4411057692307692 0.2692307692307692 0.06009615384615385 0.10096153846153846