1 0.9471153846153846 0.3557692307692308 0.10096153846153846 0.19230769230769232
1 0.13822115384615385 0.3233173076923077 0.08413461538461539 0.15144230769230768
1 0.328125 0.3112980769230769 0.11298076923076923 0.18990384615384615
1 0.6634615384615384 0.3473557692307692 0.0985576923076923 0.1658653846153846
1 0.025240384615384616 0.3401442307692308 0.04326923076923077 0.18509615384615385
1 0.5973557692307693 0.359375 0.06971153846153846 0.12259615384615384
1 0.8028846153846154 0.3858173076923077 0.06490384615384616 0.12259615384615384
1 0.5420673076923077 0.37740384615384615 0.0673076923076923 0.1346153846153846
1 0.3629807692307692 0.3269230769230769 0.07451923076923077 0.15625
1 0.4891826923076923 0.39302884615384615 0.04807692307692308 0.09615384615384616
0 0.4338942307692308 0.36538461538461536 0.052884615384615384 0.10096153846153846
1 0.7367788461538461 0.4110576923076923 0.04807692307692308 0.08413461538461539
1 0.9735576923076923 0.4074519230769231 0.052884615384615384 0.13221153846153846