1 0.18509615384615385 0.3112980769230769 0.057692307692307696 0.10576923076923077
1 0.2980769230769231 0.33413461538461536 0.0673076923076923 0.09134615384615384
1 0.39903846153846156 0.3329326923076923 0.055288461538461536 0.09615384615384616
1 0.47115384615384615 0.33413461538461536 0.038461538461538464 0.08653846153846154
1 0.5096153846153846 0.33533653846153844 0.04807692307692308 0.10576923076923077
1 0.5408653846153846 0.3581730769230769 0.036057692307692304 0.0673076923076923
1 0.6009615384615384 0.3605769230769231 0.04567307692307692 0.0889423076923077
1 0.5805288461538461 0.3293269230769231 0.04326923076923077 0.10096153846153846
1 0.6334134615384616 0.34375 0.04326923076923077 0.08653846153846154
1 0.7199519230769231 0.3605769230769231 0.04567307692307692 0.09615384615384616
1 0.765625 0.33533653846153844 0.07211538461538461 0.12980769230769232