0 0.9603365384615384 0.5408653846153846 0.057692307692307696 0.09615384615384616
0 0.859375 0.5132211538461539 0.07932692307692307 0.15865384615384615
0 0.7584134615384616 0.5348557692307693 0.052884615384615384 0.09615384615384616
0 0.6935096153846154 0.5264423076923077 0.07211538461538461 0.12980769230769232
1 0.6213942307692307 0.5516826923076923 0.038461538461538464 0.08653846153846154
0 0.5829326923076923 0.5216346153846154 0.057692307692307696 0.11538461538461539
0 0.5456730769230769 0.5360576923076923 0.03365384615384615 0.07932692307692307
1 0.47115384615384615 0.5540865384615384 0.02403846153846154 0.07692307692307693
0 0.4375 0.5564903846153846 0.04567307692307692 0.0889423076923077
1 0.3545673076923077 0.53125 0.04567307692307692 0.10096153846153846
1 0.21875 0.5564903846153846 0.04567307692307692 0.08173076923076923