1 0.3713942307692308 0.27163461538461536 0.1346153846153846 0.15865384615384615
1 0.46153846153846156 0.30288461538461536 0.18028846153846154 0.1971153846153846
1 0.9423076923076923 0.25961538461538464 0.07211538461538461 0.09134615384615384
1 0.71875 0.2704326923076923 0.07932692307692307 0.09134615384615384
1 0.8413461538461539 0.3762019230769231 0.06971153846153846 0.08653846153846154
1 0.6766826923076923 0.328125 0.0889423076923077 0.10817307692307693
0 0.7091346153846154 0.13701923076923078 0.06009615384615385 0.08653846153846154
0 0.5949519230769231 0.1658653846153846 0.052884615384615384 0.07451923076923077
0 0.5192307692307693 0.16947115384615385 0.07211538461538461 0.08173076923076923
0 0.23798076923076922 0.28365384615384615 0.0625 0.07932692307692307
0 0.2668269230769231 0.19110576923076922 0.0673076923076923 0.08653846153846154
0 0.43509615384615385 0.17668269230769232 0.06490384615384616 0.07932692307692307
0 0.11057692307692307 0.18629807692307693 0.05048076923076923 0.07451923076923077