1 0.8954326923076923 0.36778846153846156 0.09375 0.12740384615384615
1 0.9711538461538461 0.36177884615384615 0.057692307692307696 0.12259615384615384
1 0.7572115384615384 0.3269230769230769 0.06971153846153846 0.10576923076923077
1 0.4495192307692308 0.28125 0.0673076923076923 0.0985576923076923
1 0.5997596153846154 0.3125 0.07451923076923077 0.10576923076923077
1 0.7067307692307693 0.3173076923076923 0.057692307692307696 0.09375
1 0.3269230769230769 0.28725961538461536 0.0625 0.09134615384615384
1 0.53125 0.296875 0.057692307692307696 0.08653846153846154
1 0.12259615384615384 0.23197115384615385 0.0625 0.09375
1 0.1971153846153846 0.3629807692307692 0.07451923076923077 0.07932692307692307
1 0.22115384615384615 0.25721153846153844 0.04807692307692308 0.07211538461538461
1 0.8040865384615384 0.3641826923076923 0.06971153846153846 0.12259615384615384
1 0.5661057692307693 0.32572115384615385 0.057692307692307696 0.09615384615384616