1 0.8774038461538461 0.32091346153846156 0.08413461538461539 0.1201923076923077
1 0.9639423076923077 0.3088942307692308 0.07211538461538461 0.11538461538461539
1 0.7391826923076923 0.2920673076923077 0.06009615384615385 0.0985576923076923
1 0.4326923076923077 0.27403846153846156 0.057692307692307696 0.09375
1 0.5829326923076923 0.29086538461538464 0.0673076923076923 0.10096153846153846
1 0.6875 0.2860576923076923 0.05048076923076923 0.0889423076923077
1 0.3137019230769231 0.28966346153846156 0.055288461538461536 0.08653846153846154
1 0.5144230769230769 0.28125 0.05048076923076923 0.08173076923076923
1 0.109375 0.2536057692307692 0.055288461538461536 0.0889423076923077
1 0.19230769230769232 0.375 0.0673076923076923 0.07211538461538461
1 0.20793269230769232 0.2704326923076923 0.040865384615384616 0.0673076923076923
1 0.7872596153846154 0.3245192307692308 0.06009615384615385 0.11778846153846154
1 0.5504807692307693 0.30649038461538464 0.05048076923076923 0.09375