0 0.03125 0.5384615384615384 0.06009615384615385 0.09375
0 0.13221153846153846 0.5120192307692307 0.08173076923076923 0.15625
0 0.22956730769230768 0.5348557692307693 0.055288461538461536 0.09375
0 0.29447115384615385 0.5288461538461539 0.07211538461538461 0.12740384615384615
1 0.3629807692307692 0.5552884615384616 0.038461538461538464 0.08413461538461539
0 0.4026442307692308 0.5264423076923077 0.057692307692307696 0.11057692307692307
0 0.4375 0.5408653846153846 0.03365384615384615 0.07692307692307693
1 0.5108173076923077 0.5588942307692307 0.026442307692307692 0.07451923076923077
0 0.5444711538461539 0.5625 0.04807692307692308 0.08653846153846154
1 0.6237980769230769 0.5396634615384616 0.04807692307692308 0.0985576923076923
1 0.7584134615384616 0.5661057692307693 0.04807692307692308 0.08173076923076923