0 0.039663461538461536 0.3016826923076923 0.0625 0.16346153846153846
0 0.38461538461538464 0.4387019230769231 0.1658653846153846 0.28365384615384615
0 0.09495192307692307 0.3798076923076923 0.09134615384615384 0.1466346153846154
0 0.2848557692307692 0.33653846153846156 0.07211538461538461 0.1346153846153846
0 0.9567307692307693 0.36899038461538464 0.08653846153846154 0.17067307692307693
0 0.1658653846153846 0.36538461538461536 0.11298076923076923 0.20192307692307693
0 0.7439903846153846 0.46634615384615385 0.1658653846153846 0.28846153846153844
0 0.4879807692307692 0.2439903846153846 0.06490384615384616 0.13701923076923078
0 0.8461538461538461 0.3786057692307692 0.10576923076923077 0.17307692307692307
0 0.9783653846153846 0.2824519230769231 0.04326923076923077 0.11298076923076923
0 0.8689903846153846 0.2439903846153846 0.055288461538461536 0.08413461538461539
0 0.6887019230769231 0.29086538461538464 0.038461538461538464 0.07932692307692307
0 0.5877403846153846 0.27524038461538464 0.057692307692307696 0.10096153846153846
0 0.38341346153846156 0.29086538461538464 0.07451923076923077 0.10576923076923077