1 0.21394230769230768 0.31971153846153844 0.055288461538461536 0.10096153846153846
1 0.32091346153846156 0.3329326923076923 0.06490384615384616 0.0889423076923077
1 0.41586538461538464 0.32211538461538464 0.052884615384615384 0.09134615384615384
1 0.4831730769230769 0.31850961538461536 0.038461538461538464 0.08173076923076923
1 0.5192307692307693 0.3161057692307692 0.04807692307692308 0.0985576923076923
1 0.5528846153846154 0.33413461538461536 0.036057692307692304 0.06490384615384616
1 0.609375 0.33052884615384615 0.04567307692307692 0.08413461538461539
1 0.5865384615384616 0.30408653846153844 0.04326923076923077 0.09615384615384616
1 0.6370192307692307 0.3125 0.04326923076923077 0.08173076923076923
1 0.7199519230769231 0.32211538461538464 0.04567307692307692 0.09134615384615384
1 0.7608173076923077 0.2932692307692308 0.07211538461538461 0.125