0 0.9579326923076923 0.4254807692307692 0.08413461538461539 0.16826923076923078
0 0.5817307692307693 0.5 0.1658653846153846 0.28365384615384615
0 0.8774038461538461 0.49158653846153844 0.09134615384615384 0.1466346153846154
0 0.6983173076923077 0.41586538461538464 0.07211538461538461 0.1346153846153846
0 0.040865384615384616 0.3317307692307692 0.0673076923076923 0.1658653846153846
0 0.8100961538461539 0.4651442307692308 0.11298076923076923 0.20192307692307693
0 0.22355769230769232 0.4639423076923077 0.1658653846153846 0.28846153846153844
0 0.5144230769230769 0.28966346153846156 0.06490384615384616 0.13701923076923078
0 0.13822115384615385 0.359375 0.10576923076923077 0.17307692307692307
0 0.030048076923076924 0.2403846153846154 0.028846153846153848 0.11057692307692307
0 0.13942307692307693 0.22235576923076922 0.055288461538461536 0.08413461538461539
0 0.3088942307692308 0.3004807692307692 0.038461538461538464 0.07932692307692307
0 0.4110576923076923 0.30288461538461536 0.057692307692307696 0.10096153846153846
0 0.6105769230769231 0.3545673076923077 0.07451923076923077 0.10576923076923077