1 0.4230769230769231 0.2439903846153846 0.12740384615384615 0.14903846153846154
1 0.5072115384615384 0.2764423076923077 0.16826923076923078 0.1875
1 0.9663461538461539 0.2512019230769231 0.04807692307692308 0.08653846153846154
1 0.7596153846153846 0.2548076923076923 0.07211538461538461 0.08653846153846154
1 0.8737980769230769 0.36177884615384615 0.06490384615384616 0.08173076923076923
1 0.7163461538461539 0.3076923076923077 0.08413461538461539 0.10336538461538461
0 0.7548076923076923 0.125 0.055288461538461536 0.08173076923076923
0 0.6430288461538461 0.14903846153846154 0.04807692307692308 0.06971153846153846
0 0.5697115384615384 0.1502403846153846 0.0673076923076923 0.07692307692307693
0 0.2920673076923077 0.25240384615384615 0.057692307692307696 0.07692307692307693
0 0.3233173076923077 0.1622596153846154 0.0625 0.08173076923076923
0 0.4879807692307692 0.15384615384615385 0.06009615384615385 0.07692307692307693
0 0.17427884615384615 0.15384615384615385 0.04567307692307692 0.06971153846153846