1 0.06850961538461539 0.34134615384615385 0.10336538461538461 0.1875
1 0.8353365384615384 0.2704326923076923 0.08653846153846154 0.1466346153846154
1 0.6550480769230769 0.26802884615384615 0.11538461538461539 0.18509615384615385
1 0.33774038461538464 0.31850961538461536 0.10096153846153846 0.16105769230769232
1 0.9519230769230769 0.27884615384615385 0.06971153846153846 0.1778846153846154
1 0.4014423076923077 0.3269230769230769 0.07211538461538461 0.1201923076923077
1 0.20673076923076922 0.3629807692307692 0.0673076923076923 0.11778846153846154
1 0.4543269230769231 0.3425480769230769 0.07211538461538461 0.12980769230769232
1 0.6225961538461539 0.28365384615384615 0.07692307692307693 0.15144230769230768
1 0.5060096153846154 0.35216346153846156 0.05048076923076923 0.09375
0 0.5576923076923077 0.3245192307692308 0.052884615384615384 0.09615384615384616
1 0.27283653846153844 0.38100961538461536 0.05048076923076923 0.08173076923076923
1 0.036057692307692304 0.390625 0.07211538461538461 0.12740384615384615