1 0.9194711538461539 0.29447115384615385 0.16105769230769232 0.28125
1 0.5492788461538461 0.3016826923076923 0.10096153846153846 0.1875
1 0.234375 0.2620192307692308 0.10336538461538461 0.17307692307692307
1 0.12259615384615384 0.25841346153846156 0.11057692307692307 0.17548076923076922
1 0.6262019230769231 0.3173076923076923 0.057692307692307696 0.11057692307692307
1 0.35216346153846156 0.25721153846153844 0.06971153846153846 0.125
1 0.2800480769230769 0.28966346153846156 0.04567307692307692 0.10576923076923077
1 0.41947115384615385 0.2932692307692308 0.057692307692307696 0.10336538461538461
0 0.796875 0.3641826923076923 0.05048076923076923 0.0889423076923077
1 0.8569711538461539 0.39302884615384615 0.05048076923076923 0.10576923076923077
0 0.040865384615384616 0.25721153846153844 0.04807692307692308 0.11538461538461539