0 0.046875 0.25600961538461536 0.06971153846153846 0.125
0 0.171875 0.21033653846153846 0.07692307692307693 0.12259615384615384
0 0.22596153846153846 0.13822115384615385 0.06490384615384616 0.11778846153846154
0 0.30288461538461536 0.23076923076923078 0.07451923076923077 0.12259615384615384
0 0.36778846153846156 0.203125 0.06971153846153846 0.1201923076923077
0 0.4362980769230769 0.14302884615384615 0.06009615384615385 0.08653846153846154
0 0.48197115384615385 0.24879807692307693 0.07451923076923077 0.10576923076923077
0 0.5132211538461539 0.1778846153846154 0.06009615384615385 0.10576923076923077
0 0.6274038461538461 0.1875 0.06971153846153846 0.10336538461538461
0 0.8209134615384616 0.35216346153846156 0.06490384615384616 0.09375
0 0.6814903846153846 0.19831730769230768 0.0625 0.10576923076923077
0 0.9639423076923077 0.3161057692307692 0.07211538461538461 0.1466346153846154
0 0.8641826923076923 0.2608173076923077 0.06490384615384616 0.10336538461538461
0 0.7896634615384616 0.21033653846153846 0.07692307692307693 0.11538461538461539
0 0.7896634615384616 0.125 0.055288461538461536 0.08413461538461539
0 0.8677884615384616 0.16706730769230768 0.06490384615384616 0.09375