0 0.04927884615384615 0.28846153846153844 0.07211538461538461 0.12980769230769232
0 0.1778846153846154 0.24519230769230768 0.08413461538461539 0.12740384615384615
0 0.234375 0.171875 0.06971153846153846 0.1201923076923077
0 0.3112980769230769 0.27163461538461536 0.08173076923076923 0.12740384615384615
0 0.3786057692307692 0.2439903846153846 0.07451923076923077 0.125
0 0.45072115384615385 0.18509615384615385 0.06490384615384616 0.0889423076923077
0 0.49399038461538464 0.296875 0.07932692307692307 0.11057692307692307
0 0.5276442307692307 0.22355769230769232 0.06490384615384616 0.11057692307692307
0 0.6454326923076923 0.23677884615384615 0.07451923076923077 0.10817307692307693
0 0.8377403846153846 0.41346153846153844 0.06971153846153846 0.0985576923076923
0 0.7007211538461539 0.25 0.0673076923076923 0.11057692307692307
0 0.9735576923076923 0.38221153846153844 0.052884615384615384 0.14903846153846154
0 0.8846153846153846 0.32091346153846156 0.06971153846153846 0.10576923076923077
0 0.8112980769230769 0.2668269230769231 0.08173076923076923 0.1201923076923077
0 0.8137019230769231 0.18028846153846154 0.06009615384615385 0.0889423076923077
0 0.8930288461538461 0.2247596153846154 0.06971153846153846 0.0985576923076923