1 0.9399038461538461 0.22956730769230768 0.1201923076923077 0.2956730769230769
1 0.5637019230769231 0.2536057692307692 0.10336538461538461 0.19951923076923078
1 0.22235576923076922 0.22115384615384615 0.10336538461538461 0.18509615384615385
1 0.10216346153846154 0.22235576923076922 0.11538461538461539 0.18509615384615385
1 0.6478365384615384 0.26802884615384615 0.06009615384615385 0.11778846153846154
1 0.3485576923076923 0.2127403846153846 0.06971153846153846 0.1346153846153846
1 0.27283653846153844 0.25 0.04807692307692308 0.11298076923076923
1 0.421875 0.24879807692307693 0.057692307692307696 0.11057692307692307
0 0.8329326923076923 0.3112980769230769 0.05048076923076923 0.09375
1 0.8990384615384616 0.3389423076923077 0.05048076923076923 0.11298076923076923
0 0.025240384615384616 0.2247596153846154 0.02403846153846154 0.12259615384615384