1 0.09495192307692307 0.45072115384615385 0.11778846153846154 0.17307692307692307
1 0.9399038461538461 0.47716346153846156 0.04807692307692308 0.0625
1 0.8942307692307693 0.47596153846153844 0.038461538461538464 0.057692307692307696
1 0.3629807692307692 0.46274038461538464 0.07932692307692307 0.13221153846153846
1 0.4110576923076923 0.47596153846153844 0.055288461538461536 0.10336538461538461
1 0.4639423076923077 0.48197115384615385 0.04807692307692308 0.08173076923076923
1 0.49399038461538464 0.4579326923076923 0.04567307692307692 0.08653846153846154
1 0.6021634615384616 0.4963942307692308 0.04567307692307692 0.06490384615384616
1 0.6538461538461539 0.4891826923076923 0.040865384615384616 0.0673076923076923
1 0.7259615384615384 0.4795673076923077 0.04567307692307692 0.07211538461538461
1 0.7896634615384616 0.49038461538461536 0.02403846153846154 0.04326923076923077
1 0.8497596153846154 0.4795673076923077 0.038461538461538464 0.0625
1 0.8245192307692307 0.47716346153846156 0.026442307692307692 0.055288461538461536
0 0.5625 0.4735576923076923 0.03365384615384615 0.057692307692307696
0 0.5144230769230769 0.49278846153846156 0.03125 0.05048076923076923