1 0.6862980769230769 0.15865384615384615 0.055288461538461536 0.08413461538461539
1 0.3233173076923077 0.1310096153846154 0.057692307692307696 0.10336538461538461
1 0.8918269230769231 0.18509615384615385 0.04326923076923077 0.09375
1 0.8185096153846154 0.21995192307692307 0.040865384615384616 0.07692307692307693
1 0.796875 0.18509615384615385 0.03365384615384615 0.0673076923076923
1 0.15865384615384615 0.29927884615384615 0.07211538461538461 0.14182692307692307
1 0.29447115384615385 0.14423076923076922 0.038461538461538464 0.09615384615384616
1 0.40024038461538464 0.16706730769230768 0.04807692307692308 0.09615384615384616
1 0.5709134615384616 0.1814903846153846 0.04807692307692308 0.0985576923076923
1 0.5240384615384616 0.2091346153846154 0.055288461538461536 0.09375
1 0.4699519230769231 0.20072115384615385 0.026442307692307692 0.057692307692307696
1 0.953125 0.17427884615384615 0.04807692307692308 0.08653846153846154