1 0.296875 0.6574519230769231 0.0889423076923077 0.1466346153846154
1 0.09375 0.5228365384615384 0.07692307692307693 0.13701923076923078
1 0.4831730769230769 0.6838942307692307 0.10096153846153846 0.16346153846153846
1 0.24759615384615385 0.6045673076923077 0.07692307692307693 0.12259615384615384
1 0.04567307692307692 0.4963942307692308 0.06971153846153846 0.125
1 0.8173076923076923 0.5540865384615384 0.07451923076923077 0.12740384615384615
1 0.8040865384615384 0.6995192307692307 0.07451923076923077 0.125
1 0.3737980769230769 0.5384615384615384 0.06971153846153846 0.10817307692307693
1 0.7079326923076923 0.7908653846153846 0.10576923076923077 0.1971153846153846
1 0.21634615384615385 0.4879807692307692 0.07451923076923077 0.13942307692307693
1 0.4543269230769231 0.5985576923076923 0.07932692307692307 0.11057692307692307
1 0.6947115384615384 0.6274038461538461 0.0625 0.10817307692307693
1 0.4411057692307692 0.5084134615384616 0.06009615384615385 0.09375
1 0.5432692307692307 0.4735576923076923 0.057692307692307696 0.09615384615384616
1 0.5685096153846154 0.6021634615384616 0.0625 0.0985576923076923