1 0.038461538461538464 0.4026442307692308 0.06971153846153846 0.14903846153846154
1 0.8257211538461539 0.3425480769230769 0.06971153846153846 0.14423076923076922
1 0.9326923076923077 0.3329326923076923 0.06971153846153846 0.14903846153846154
1 0.7163461538461539 0.3449519230769231 0.06490384615384616 0.1346153846153846
1 0.5408653846153846 0.3762019230769231 0.06490384615384616 0.12980769230769232
1 0.28966346153846156 0.375 0.06971153846153846 0.11778846153846154
1 0.203125 0.42788461538461536 0.06490384615384616 0.12259615384615384
1 0.6382211538461539 0.38221153846153844 0.0673076923076923 0.1346153846153846
1 0.13942307692307693 0.4074519230769231 0.057692307692307696 0.125
1 0.453125 0.375 0.055288461538461536 0.12259615384615384
1 0.37259615384615385 0.421875 0.055288461538461536 0.12259615384615384