1 0.7271634615384616 0.3605769230769231 0.08173076923076923 0.13942307692307693
1 0.4735576923076923 0.421875 0.06490384615384616 0.11057692307692307
0 0.8004807692307693 0.40625 0.10096153846153846 0.15625
0 0.24519230769230768 0.44350961538461536 0.09615384615384616 0.16105769230769232
0 0.03125 0.4014423076923077 0.0625 0.2403846153846154
0 0.36538461538461536 0.4411057692307692 0.09375 0.14182692307692307
0 0.10216346153846154 0.4675480769230769 0.08413461538461539 0.14423076923076922
0 0.8665865384615384 0.3894230769230769 0.07932692307692307 0.1201923076923077
0 0.5997596153846154 0.4423076923076923 0.07692307692307693 0.12980769230769232
0 0.1875 0.4807692307692308 0.0673076923076923 0.10817307692307693
0 0.2920673076923077 0.453125 0.055288461538461536 0.11057692307692307
0 0.9362980769230769 0.41225961538461536 0.06490384615384616 0.10336538461538461
0 0.6442307692307693 0.4723557692307692 0.06971153846153846 0.11057692307692307
0 0.5480769230769231 0.39903846153846156 0.04807692307692308 0.08173076923076923
0 0.53125 0.4651442307692308 0.0625 0.09375
0 0.14423076923076922 0.4987980769230769 0.055288461538461536 0.11298076923076923
0 0.44471153846153844 0.47836538461538464 0.057692307692307696 0.09375