1 0.7487980769230769 0.42427884615384615 0.06971153846153846 0.125
1 0.5108173076923077 0.41346153846153844 0.055288461538461536 0.0985576923076923
0 0.8016826923076923 0.48197115384615385 0.0889423076923077 0.13942307692307693
0 0.30288461538461536 0.375 0.08413461538461539 0.14423076923076922
0 0.08173076923076923 0.2764423076923077 0.13942307692307693 0.22355769230769232
0 0.4098557692307692 0.40384615384615385 0.08173076923076923 0.12740384615384615
0 0.171875 0.3605769230769231 0.07451923076923077 0.12980769230769232
0 0.8641826923076923 0.484375 0.0673076923076923 0.10817307692307693
0 0.6141826923076923 0.4639423076923077 0.06490384615384616 0.11538461538461539
0 0.2439903846153846 0.3942307692307692 0.057692307692307696 0.0985576923076923
0 0.34375 0.3954326923076923 0.04807692307692308 0.0985576923076923
0 0.9182692307692307 0.5228365384615384 0.055288461538461536 0.09375
0 0.6478365384615384 0.5012019230769231 0.06009615384615385 0.10096153846153846
0 0.5805288461538461 0.41346153846153844 0.04326923076923077 0.07451923076923077
0 0.5492788461538461 0.46634615384615385 0.052884615384615384 0.08413461538461539
0 0.20072115384615385 0.39783653846153844 0.04807692307692308 0.10336538461538461
0 0.4699519230769231 0.4567307692307692 0.05048076923076923 0.08413461538461539