1 0.19230769230769232 0.5721153846153846 0.07211538461538461 0.10336538461538461
1 0.3449519230769231 0.5336538461538461 0.04567307692307692 0.0673076923076923
1 0.3918269230769231 0.5216346153846154 0.036057692307692304 0.06490384615384616
1 0.5108173076923077 0.47716346153846156 0.05048076923076923 0.07932692307692307
1 0.6153846153846154 0.46153846153846156 0.052884615384615384 0.08653846153846154
1 0.7319711538461539 0.43028846153846156 0.057692307692307696 0.09615384615384616
1 0.8966346153846154 0.3581730769230769 0.0625 0.0985576923076923
1 0.765625 0.40865384615384615 0.0625 0.0985576923076923
1 0.8425480769230769 0.40865384615384615 0.05048076923076923 0.08653846153846154
1 0.27884615384615385 0.5060096153846154 0.0625 0.0889423076923077
1 0.390625 0.49278846153846156 0.04567307692307692 0.052884615384615384