1 0.6370192307692307 0.20432692307692307 0.08653846153846154 0.13701923076923078
1 0.4170673076923077 0.18990384615384615 0.08173076923076923 0.11298076923076923
1 0.8016826923076923 0.30528846153846156 0.11298076923076923 0.18028846153846154
1 0.08774038461538461 0.21995192307692307 0.14423076923076922 0.24278846153846154
1 0.9747596153846154 0.296875 0.05048076923076923 0.10336538461538461
1 0.30288461538461536 0.20192307692307693 0.052884615384615384 0.07932692307692307
1 0.2668269230769231 0.17067307692307693 0.04326923076923077 0.0673076923076923
0 0.37740384615384615 0.20192307692307693 0.038461538461538464 0.07211538461538461
1 0.46153846153846156 0.21153846153846154 0.04326923076923077 0.09134615384615384
1 0.5132211538461539 0.21394230769230768 0.04326923076923077 0.07211538461538461
1 0.5480769230769231 0.21634615384615385 0.04807692307692308 0.08173076923076923
0 0.1875 0.171875 0.04807692307692308 0.055288461538461536
1 0.21875 0.15504807692307693 0.040865384615384616 0.055288461538461536
0 0.8665865384615384 0.30288461538461536 0.06490384615384616 0.12740384615384615
1 0.7596153846153846 0.2091346153846154 0.040865384615384616 0.057692307692307696