1 0.8834134615384616 0.38341346153846156 0.12980769230769232 0.18269230769230768
1 0.05889423076923077 0.5709134615384616 0.052884615384615384 0.06490384615384616
1 0.10336538461538461 0.5588942307692307 0.04326923076923077 0.06009615384615385
1 0.6225961538461539 0.44471153846153844 0.09134615384615384 0.13701923076923078
1 0.578125 0.46875 0.0625 0.10576923076923077
1 0.5264423076923077 0.484375 0.055288461538461536 0.08413461538461539
1 0.49278846153846156 0.4675480769230769 0.052884615384615384 0.0889423076923077
1 0.3942307692307692 0.5240384615384616 0.05048076923076923 0.0673076923076923
1 0.3425480769230769 0.5276442307692307 0.04807692307692308 0.06971153846153846
1 0.2692307692307692 0.5324519230769231 0.05048076923076923 0.07692307692307693
1 0.2091346153846154 0.5540865384615384 0.028846153846153848 0.04567307692307692
1 0.14783653846153846 0.5552884615384616 0.04326923076923077 0.06490384615384616
1 0.171875 0.5480769230769231 0.03125 0.057692307692307696
0 0.42908653846153844 0.4951923076923077 0.038461538461538464 0.06009615384615385
0 0.4795673076923077 0.5048076923076923 0.036057692307692304 0.052884615384615384