1 0.9627403846153846 0.31850961538461536 0.07451923076923077 0.17067307692307693
1 0.04567307692307692 0.28966346153846156 0.0673076923076923 0.14182692307692307
1 0.7692307692307693 0.33653846153846156 0.07451923076923077 0.13701923076923078
1 0.8677884615384616 0.34134615384615385 0.07451923076923077 0.14182692307692307
1 0.6694711538461539 0.3245192307692308 0.0673076923076923 0.12740384615384615
1 0.5072115384615384 0.33052884615384615 0.0673076923076923 0.12259615384615384
1 0.2776442307692308 0.296875 0.07211538461538461 0.11298076923076923
1 0.18990384615384615 0.3329326923076923 0.0673076923076923 0.11538461538461539
1 0.59375 0.3473557692307692 0.06971153846153846 0.12740384615384615
1 0.13581730769230768 0.30649038461538464 0.06009615384615385 0.11778846153846154
1 0.4266826923076923 0.31850961538461536 0.06009615384615385 0.11538461538461539
1 0.34615384615384615 0.34975961538461536 0.06009615384615385 0.11538461538461539