1 0.8942307692307693 0.2247596153846154 0.17307692307692307 0.28125
1 0.5216346153846154 0.30408653846153844 0.0985576923076923 0.1875
1 0.19831730769230768 0.3233173076923077 0.10096153846153846 0.17307692307692307
1 0.08774038461538461 0.3425480769230769 0.11057692307692307 0.17548076923076922
1 0.5997596153846154 0.30408653846153844 0.057692307692307696 0.11057692307692307
1 0.3161057692307692 0.296875 0.0673076923076923 0.125
1 0.25 0.3425480769230769 0.04567307692307692 0.10576923076923077
1 0.3894230769230769 0.31850961538461536 0.055288461538461536 0.10336538461538461
0 0.7788461538461539 0.3173076923076923 0.04807692307692308 0.0889423076923077
1 0.84375 0.33413461538461536 0.05048076923076923 0.10576923076923077
0 0.014423076923076924 0.35697115384615385 0.028846153846153848 0.11778846153846154