1 0.6442307692307693 0.18389423076923078 0.057692307692307696 0.08653846153846154
1 0.28365384615384615 0.17307692307692307 0.0625 0.10576923076923077
1 0.8485576923076923 0.19951923076923078 0.04807692307692308 0.09615384615384616
1 0.7776442307692307 0.23798076923076922 0.04326923076923077 0.07932692307692307
1 0.7548076923076923 0.203125 0.036057692307692304 0.06971153846153846
1 0.12860576923076922 0.34975961538461536 0.07692307692307693 0.14423076923076922
1 0.2548076923076923 0.18870192307692307 0.04326923076923077 0.09615384615384616
1 0.36177884615384615 0.20552884615384615 0.052884615384615384 0.0985576923076923
1 0.5300480769230769 0.2127403846153846 0.052884615384615384 0.10096153846153846
1 0.4855769230769231 0.2403846153846154 0.06009615384615385 0.09615384615384616
1 0.43149038461538464 0.23557692307692307 0.028846153846153848 0.06009615384615385
1 0.9098557692307693 0.18629807692307693 0.052884615384615384 0.0889423076923077
1 0.9735576923076923 0.17307692307692307 0.014423076923076924 0.0889423076923077