1 0.6394230769230769 0.20072115384615385 0.08413461538461539 0.14423076923076922
1 0.4026442307692308 0.203125 0.07932692307692307 0.11778846153846154
1 0.8209134615384616 0.296875 0.10817307692307693 0.18509615384615385
1 0.06370192307692307 0.25841346153846156 0.1201923076923077 0.25240384615384615
1 0.9903846153846154 0.27163461538461536 0.019230769230769232 0.10576923076923077
1 0.28125 0.2247596153846154 0.05048076923076923 0.08173076923076923
1 0.24158653846153846 0.19230769230769232 0.040865384615384616 0.06971153846153846
0 0.36177884615384615 0.21875 0.038461538461538464 0.07451923076923077
1 0.4519230769230769 0.22235576923076922 0.040865384615384616 0.0985576923076923
1 0.5072115384615384 0.21995192307692307 0.04326923076923077 0.07692307692307693
1 0.5444711538461539 0.21995192307692307 0.04567307692307692 0.08653846153846154
0 0.15745192307692307 0.20072115384615385 0.04807692307692308 0.055288461538461536
1 0.1875 0.17908653846153846 0.038461538461538464 0.057692307692307696
0 0.8894230769230769 0.28846153846153844 0.06009615384615385 0.1346153846153846
1 0.7704326923076923 0.19831730769230768 0.038461538461538464 0.0625