1 0.34134615384615385 0.18870192307692307 0.052884615384615384 0.07932692307692307
1 0.6838942307692307 0.16826923076923078 0.055288461538461536 0.0985576923076923
1 0.14783653846153846 0.21153846153846154 0.04326923076923077 0.0889423076923077
1 0.21634615384615385 0.24519230769230768 0.038461538461538464 0.07451923076923077
1 0.23677884615384615 0.21153846153846154 0.03125 0.0625
1 0.8365384615384616 0.33052884615384615 0.0673076923076923 0.1346153846153846
1 0.7103365384615384 0.1814903846153846 0.036057692307692304 0.09134615384615384
1 0.6105769230769231 0.20192307692307693 0.04807692307692308 0.09134615384615384
1 0.4495192307692308 0.2127403846153846 0.04807692307692308 0.09375
1 0.4951923076923077 0.23918269230769232 0.052884615384615384 0.0889423076923077
1 0.5456730769230769 0.23197115384615385 0.026442307692307692 0.055288461538461536
1 0.09014423076923077 0.20072115384615385 0.04807692307692308 0.08173076923076923
1 0.021634615384615384 0.18990384615384615 0.02403846153846154 0.08413461538461539