1 0.9579326923076923 0.2668269230769231 0.07211538461538461 0.1658653846153846
1 0.042067307692307696 0.36538461538461536 0.06490384615384616 0.13701923076923078
1 0.7644230769230769 0.31009615384615385 0.06490384615384616 0.1346153846153846
1 0.8617788461538461 0.3004807692307692 0.06490384615384616 0.13701923076923078
1 0.6634615384615384 0.3112980769230769 0.06009615384615385 0.12259615384615384
1 0.5036057692307693 0.34134615384615385 0.06009615384615385 0.1201923076923077
1 0.27283653846153844 0.3401442307692308 0.06490384615384616 0.10817307692307693
1 0.19230769230769232 0.3870192307692308 0.06009615384615385 0.11298076923076923
1 0.5913461538461539 0.34615384615384615 0.0625 0.12259615384615384
1 0.1346153846153846 0.3701923076923077 0.052884615384615384 0.11538461538461539
1 0.4230769230769231 0.3401442307692308 0.05048076923076923 0.11298076923076923
1 0.3485576923076923 0.38100961538461536 0.05048076923076923 0.11298076923076923