1 0.6358173076923077 0.203125 0.08653846153846154 0.13701923076923078
1 0.4182692307692308 0.18629807692307693 0.08173076923076923 0.11298076923076923
1 0.7956730769230769 0.30528846153846156 0.11298076923076923 0.1778846153846154
1 0.09495192307692307 0.20793269230769232 0.1466346153846154 0.2403846153846154
1 0.9699519230769231 0.29927884615384615 0.06009615384615385 0.10336538461538461
1 0.30649038461538464 0.19471153846153846 0.052884615384615384 0.07932692307692307
1 0.27163461538461536 0.16346153846153846 0.04326923076923077 0.0673076923076923
0 0.3798076923076923 0.19591346153846154 0.040865384615384616 0.07211538461538461
1 0.46153846153846156 0.20673076923076922 0.04326923076923077 0.09134615384615384
1 0.5144230769230769 0.21033653846153846 0.04326923076923077 0.07211538461538461
1 0.546875 0.2127403846153846 0.04807692307692308 0.08173076923076923
0 0.1935096153846154 0.16346153846153846 0.04807692307692308 0.052884615384615384
1 0.22355769230769232 0.1466346153846154 0.040865384615384616 0.055288461538461536
0 0.8581730769230769 0.30288461538461536 0.06490384615384616 0.12740384615384615
1 0.7560096153846154 0.21033653846153846 0.040865384615384616 0.06009615384615385