1 0.33052884615384615 0.7079326923076923 0.08413461538461539 0.14903846153846154
1 0.10336538461538461 0.6021634615384616 0.07211538461538461 0.13701923076923078
1 0.5240384615384616 0.7043269230769231 0.09375 0.16346153846153846
1 0.27283653846153844 0.6622596153846154 0.07211538461538461 0.1201923076923077
1 0.05048076923076923 0.5853365384615384 0.06490384615384616 0.125
1 0.8401442307692307 0.5180288461538461 0.06971153846153846 0.12980769230769232
1 0.8509615384615384 0.6694711538461539 0.06971153846153846 0.125
1 0.3894230769230769 0.5745192307692307 0.0673076923076923 0.11057692307692307
1 0.7668269230769231 0.7788461538461539 0.0985576923076923 0.19951923076923078
1 0.22235576923076922 0.5492788461538461 0.06971153846153846 0.13942307692307693
1 0.4807692307692308 0.6237980769230769 0.07692307692307693 0.11057692307692307
1 0.7283653846153846 0.6141826923076923 0.057692307692307696 0.11057692307692307
1 0.4519230769230769 0.5324519230769231 0.057692307692307696 0.09375
1 0.5492788461538461 0.4807692307692308 0.055288461538461536 0.0985576923076923
1 0.5973557692307693 0.6081730769230769 0.06009615384615385 0.0985576923076923