1 0.1875 0.5168269230769231 0.06490384615384616 0.10096153846153846
1 0.34615384615384615 0.5132211538461539 0.040865384615384616 0.06490384615384616
1 0.3954326923076923 0.5144230769230769 0.03125 0.0625
1 0.5240384615384616 0.4963942307692308 0.04326923076923077 0.07692307692307693
1 0.6310096153846154 0.5048076923076923 0.04567307692307692 0.08413461538461539
1 0.7524038461538461 0.5012019230769231 0.052884615384615384 0.09375
1 0.9314903846153846 0.46634615384615385 0.055288461538461536 0.09615384615384616
1 0.7896634615384616 0.48677884615384615 0.055288461538461536 0.09615384615384616
1 0.8665865384615384 0.5036057692307693 0.04326923076923077 0.08413461538461539
1 0.28846153846153844 0.4723557692307692 0.055288461538461536 0.08653846153846154
1 0.4014423076923077 0.484375 0.040865384615384616 0.052884615384615384