0 0.9170673076923077 0.30408653846153844 0.08413461538461539 0.13221153846153846
0 0.78125 0.25841346153846156 0.08413461538461539 0.12980769230769232
0 0.7247596153846154 0.18389423076923078 0.06971153846153846 0.12259615384615384
0 0.6454326923076923 0.2824519230769231 0.08173076923076923 0.12980769230769232
0 0.5769230769230769 0.2548076923076923 0.07451923076923077 0.12740384615384615
0 0.5048076923076923 0.19230769230769232 0.06490384615384616 0.0889423076923077
0 0.45913461538461536 0.30408653846153844 0.07932692307692307 0.11298076923076923
0 0.42427884615384615 0.23076923076923078 0.06490384615384616 0.11057692307692307
0 0.30408653846153844 0.24158653846153846 0.07451923076923077 0.10817307692307693
0 0.1045673076923077 0.4182692307692308 0.06971153846153846 0.10096153846153846
0 0.24759615384615385 0.2536057692307692 0.0673076923076923 0.11057692307692307
0 0.05889423076923077 0.3233173076923077 0.07211538461538461 0.10817307692307693
0 0.1346153846153846 0.2692307692307692 0.08413461538461539 0.1201923076923077
0 0.13221153846153846 0.18028846153846154 0.06009615384615385 0.0889423076923077
0 0.051682692307692304 0.2247596153846154 0.06971153846153846 0.10096153846153846