1 0.06490384615384616 0.2536057692307692 0.09134615384615384 0.15865384615384615
1 0.49278846153846156 0.3401442307692308 0.07692307692307693 0.125
1 0.3269230769230769 0.3425480769230769 0.0673076923076923 0.10336538461538461
1 0.14783653846153846 0.31009615384615385 0.0673076923076923 0.11538461538461539
1 0.22115384615384615 0.35336538461538464 0.038461538461538464 0.055288461538461536
1 0.28725961538461536 0.3762019230769231 0.038461538461538464 0.07451923076923077
1 0.421875 0.3641826923076923 0.03365384615384615 0.0673076923076923
1 0.5552884615384616 0.3858173076923077 0.06009615384615385 0.08173076923076923
1 0.6899038461538461 0.38461538461538464 0.052884615384615384 0.06971153846153846
1 0.7319711538461539 0.41346153846153844 0.038461538461538464 0.0673076923076923
1 0.8365384615384616 0.41225961538461536 0.0673076923076923 0.08173076923076923