1 0.29927884615384615 0.8305288461538461 0.038461538461538464 0.0625
1 0.8149038461538461 0.5108173076923077 0.040865384615384616 0.055288461538461536
1 0.41947115384615385 0.6838942307692307 0.038461538461538464 0.038461538461538464
1 0.3137019230769231 0.6850961538461539 0.04326923076923077 0.06009615384615385
1 0.40625 0.640625 0.03365384615384615 0.04807692307692308
1 0.47596153846153844 0.3954326923076923 0.040865384615384616 0.06009615384615385
1 0.6033653846153846 0.26322115384615385 0.04326923076923077 0.055288461538461536
1 0.6033653846153846 0.4014423076923077 0.04326923076923077 0.0625
1 0.47475961538461536 0.22956730769230768 0.03125 0.04567307692307692
1 0.5084134615384616 0.20793269230769232 0.040865384615384616 0.055288461538461536
1 0.5552884615384616 0.19831730769230768 0.03365384615384615 0.06490384615384616