0 0.84375 0.30649038461538464 0.11298076923076923 0.1466346153846154
0 0.7271634615384616 0.23076923076923078 0.07932692307692307 0.12980769230769232
0 0.15985576923076922 0.3269230769230769 0.16105769230769232 0.21634615384615385
0 0.4543269230769231 0.3125 0.07932692307692307 0.11298076923076923
0 0.2920673076923077 0.34375 0.07451923076923077 0.11298076923076923
0 0.7872596153846154 0.25600961538461536 0.07451923076923077 0.11298076923076923
0 0.09134615384615384 0.28966346153846156 0.08173076923076923 0.16105769230769232
0 0.375 0.36899038461538464 0.04567307692307692 0.08173076923076923
0 0.5276442307692307 0.3245192307692308 0.06009615384615385 0.10096153846153846
0 0.6081730769230769 0.3329326923076923 0.0985576923076923 0.14182692307692307
0 0.5673076923076923 0.27283653846153844 0.08173076923076923 0.1201923076923077
0 0.6586538461538461 0.31971153846153844 0.05048076923076923 0.07451923076923077