1 0.23197115384615385 0.2644230769230769 0.21634615384615385 0.3581730769230769
1 0.6237980769230769 0.4831730769230769 0.07692307692307693 0.125
1 0.8293269230769231 0.4567307692307692 0.11057692307692307 0.19230769230769232
1 0.7463942307692307 0.4855769230769231 0.09615384615384616 0.1778846153846154
1 0.4831730769230769 0.4639423076923077 0.057692307692307696 0.0889423076923077
1 0.8978365384615384 0.3870192307692308 0.0673076923076923 0.12740384615384615
1 0.5480769230769231 0.4855769230769231 0.07211538461538461 0.10817307692307693
1 0.3137019230769231 0.34975961538461536 0.0889423076923077 0.14182692307692307
1 0.65625 0.42427884615384615 0.040865384615384616 0.057692307692307696
0 0.984375 0.4338942307692308 0.03125 0.10817307692307693
0 0.9723557692307693 0.3473557692307692 0.055288461538461536 0.09375