1 0.028846153846153848 0.2920673076923077 0.057692307692307696 0.12740384615384615
0 0.2620192307692308 0.25600961538461536 0.0985576923076923 0.15865384615384615
0 0.4362980769230769 0.265625 0.09615384615384616 0.15144230769230768
0 0.7680288461538461 0.21634615384615385 0.08173076923076923 0.16105769230769232
0 0.5829326923076923 0.22956730769230768 0.07211538461538461 0.13701923076923078
1 0.49399038461538464 0.234375 0.038461538461538464 0.07932692307692307
1 0.3269230769230769 0.2536057692307692 0.05048076923076923 0.10096153846153846
1 0.5276442307692307 0.23076923076923078 0.04567307692307692 0.09615384615384616
1 0.7163461538461539 0.21995192307692307 0.04326923076923077 0.08653846153846154
0 0.8629807692307693 0.20673076923076922 0.052884615384615384 0.10096153846153846
0 0.08173076923076923 0.2932692307692308 0.055288461538461536 0.09134615384615384
0 0.11899038461538461 0.2824519230769231 0.03365384615384615 0.06490384615384616