1 0.2848557692307692 0.8269230769230769 0.04567307692307692 0.0673076923076923
1 0.8425480769230769 0.5456730769230769 0.04567307692307692 0.06009615384615385
1 0.41947115384615385 0.6875 0.040865384615384616 0.040865384615384616
1 0.3112980769230769 0.6790865384615384 0.04807692307692308 0.0625
1 0.4110576923076923 0.6430288461538461 0.038461538461538464 0.052884615384615384
1 0.5060096153846154 0.3954326923076923 0.04567307692307692 0.0625
1 0.6478365384615384 0.27163461538461536 0.04807692307692308 0.06009615384615385
1 0.6358173076923077 0.41346153846153844 0.05048076923076923 0.0673076923076923
1 0.5192307692307693 0.2247596153846154 0.03365384615384615 0.05048076923076923
1 0.5564903846153846 0.20673076923076922 0.04567307692307692 0.06009615384615385
1 0.6045673076923077 0.20192307692307693 0.040865384615384616 0.06971153846153846