0 0.8894230769230769 0.3942307692307692 0.09615384615384616 0.13701923076923078
0 0.7896634615384616 0.29447115384615385 0.06490384615384616 0.12259615384615384
0 0.20673076923076922 0.27163461538461536 0.13701923076923078 0.20192307692307693
0 0.5024038461538461 0.31850961538461536 0.0673076923076923 0.10817307692307693
0 0.33413461538461536 0.3161057692307692 0.0625 0.10817307692307693
0 0.8449519230769231 0.33413461538461536 0.0625 0.10817307692307693
0 0.14783653846153846 0.22235576923076922 0.0625 0.15625
0 0.4110576923076923 0.3581730769230769 0.036057692307692304 0.07692307692307693
0 0.5733173076923077 0.3449519230769231 0.04807692307692308 0.0985576923076923
0 0.6514423076923077 0.3713942307692308 0.08413461538461539 0.1346153846153846
0 0.6225961538461539 0.30288461538461536 0.0673076923076923 0.11298076923076923
0 0.703125 0.36899038461538464 0.040865384615384616 0.07211538461538461