1 0.671875 0.39783653846153844 0.08173076923076923 0.15865384615384615
1 0.3088942307692308 0.4266826923076923 0.06971153846153846 0.1346153846153846
1 0.9038461538461539 0.43149038461538464 0.06490384615384616 0.13221153846153846
1 0.9663461538461539 0.4543269230769231 0.0625 0.10817307692307693
1 0.4963942307692308 0.40865384615384615 0.057692307692307696 0.10576923076923077
1 0.359375 0.4795673076923077 0.04567307692307692 0.0889423076923077
1 0.12620192307692307 0.46153846153846156 0.040865384615384616 0.08653846153846154
1 0.046875 0.48197115384615385 0.052884615384615384 0.07932692307692307
1 0.08533653846153846 0.46634615384615385 0.040865384615384616 0.0985576923076923
1 0.5925480769230769 0.4831730769230769 0.03365384615384615 0.06971153846153846
1 0.4026442307692308 0.46274038461538464 0.028846153846153848 0.06009615384615385
1 0.8533653846153846 0.46033653846153844 0.026442307692307692 0.06009615384615385
1 0.7235576923076923 0.4567307692307692 0.021634615384615384 0.04326923076923077