0 0.07932692307692307 0.3112980769230769 0.07692307692307693 0.16105769230769232
0 0.6899038461538461 0.3233173076923077 0.09134615384615384 0.15865384615384615
0 0.43990384615384615 0.3173076923076923 0.07932692307692307 0.14903846153846154
0 0.9759615384615384 0.3004807692307692 0.04807692307692308 0.19230769230769232
0 0.14783653846153846 0.3713942307692308 0.125 0.2403846153846154
0 0.9050480769230769 0.35216346153846156 0.1346153846153846 0.23317307692307693
0 0.5168269230769231 0.3485576923076923 0.09615384615384616 0.17067307692307693
0 0.7776442307692307 0.2608173076923077 0.11778846153846154 0.23317307692307693
0 0.2848557692307692 0.3137019230769231 0.10576923076923077 0.2091346153846154
0 0.6322115384615384 0.3173076923076923 0.0625 0.11538461538461539
0 0.35336538461538464 0.32211538461538464 0.055288461538461536 0.12259615384615384