1 0.9939903846153846 0.3557692307692308 0.01201923076923077 0.15384615384615385
1 0.8689903846153846 0.36177884615384615 0.07211538461538461 0.125
1 0.14423076923076922 0.33052884615384615 0.07692307692307693 0.12980769230769232
1 0.4519230769230769 0.3389423076923077 0.07211538461538461 0.11778846153846154
1 0.6153846153846154 0.3449519230769231 0.06490384615384616 0.12740384615384615
1 0.5108173076923077 0.3449519230769231 0.052884615384615384 0.0985576923076923
1 0.2403846153846154 0.36899038461538464 0.06490384615384616 0.10817307692307693
1 0.6826923076923077 0.3641826923076923 0.04807692307692308 0.0985576923076923
1 0.9579326923076923 0.41466346153846156 0.04326923076923077 0.09375
1 0.9098557692307693 0.40865384615384615 0.057692307692307696 0.0985576923076923
1 0.796875 0.4050480769230769 0.06009615384615385 0.0985576923076923
1 0.7163461538461539 0.3942307692307692 0.057692307692307696 0.11057692307692307
1 0.36778846153846156 0.3449519230769231 0.055288461538461536 0.11057692307692307
1 0.036057692307692304 0.36778846153846156 0.040865384615384616 0.0673076923076923