1 0.984375 0.24158653846153846 0.03125 0.13221153846153846
0 0.7524038461538461 0.21153846153846154 0.10096153846153846 0.1658653846153846
0 0.5673076923076923 0.2283653846153846 0.09615384615384616 0.15865384615384615
0 0.21394230769230768 0.18870192307692307 0.08173076923076923 0.17067307692307693
0 0.4110576923076923 0.1971153846153846 0.07211538461538461 0.14423076923076922
1 0.5048076923076923 0.19831730769230768 0.038461538461538464 0.08173076923076923
1 0.6826923076923077 0.2127403846153846 0.04807692307692308 0.10576923076923077
1 0.46875 0.19471153846153846 0.04567307692307692 0.10096153846153846
1 0.2692307692307692 0.19110576923076922 0.04326923076923077 0.0889423076923077
0 0.11298076923076923 0.18269230769230768 0.052884615384615384 0.10576923076923077
0 0.9459134615384616 0.24639423076923078 0.055288461538461536 0.09375
0 0.9038461538461539 0.23557692307692307 0.03365384615384615 0.0673076923076923