1 0.671875 0.39903846153846156 0.07932692307692307 0.15865384615384615
1 0.3137019230769231 0.4266826923076923 0.06971153846153846 0.1346153846153846
1 0.9002403846153846 0.4326923076923077 0.06490384615384616 0.12980769230769232
1 0.9627403846153846 0.4543269230769231 0.0625 0.10817307692307693
1 0.49759615384615385 0.40865384615384615 0.057692307692307696 0.10336538461538461
1 0.3629807692307692 0.4795673076923077 0.04567307692307692 0.0889423076923077
1 0.13221153846153846 0.46153846153846156 0.040865384615384616 0.08413461538461539
1 0.054086538461538464 0.4831730769230769 0.052884615384615384 0.07932692307692307
1 0.09254807692307693 0.46634615384615385 0.040865384615384616 0.0985576923076923
1 0.59375 0.4831730769230769 0.03365384615384615 0.06971153846153846
1 0.40625 0.46274038461538464 0.028846153846153848 0.06009615384615385
1 0.8509615384615384 0.46033653846153844 0.02403846153846154 0.06009615384615385
1 0.7223557692307693 0.4567307692307692 0.021634615384615384 0.04326923076923077