1 0.09615384615384616 0.15384615384615385 0.11778846153846154 0.18028846153846154
1 0.5432692307692307 0.3016826923076923 0.0985576923076923 0.14423076923076922
1 0.36538461538461536 0.2824519230769231 0.08653846153846154 0.11778846153846154
1 0.1778846153846154 0.22355769230769232 0.0889423076923077 0.12980769230769232
1 0.25 0.27884615384615385 0.04807692307692308 0.06490384615384616
1 0.31850961538461536 0.3125 0.05048076923076923 0.08413461538461539
1 0.4639423076923077 0.3173076923076923 0.04807692307692308 0.07692307692307693
1 0.6045673076923077 0.359375 0.07451923076923077 0.0985576923076923
1 0.7487980769230769 0.375 0.06490384615384616 0.08173076923076923
1 0.7908653846153846 0.41225961538461536 0.05048076923076923 0.07692307692307693
1 0.9026442307692307 0.42427884615384615 0.08173076923076923 0.09375