1 0.051682692307692304 0.34615384615384615 0.06971153846153846 0.14182692307692307
1 0.19471153846153846 0.36899038461538464 0.0625 0.11298076923076923
1 0.8521634615384616 0.43149038461538464 0.0673076923076923 0.11538461538461539
1 0.5733173076923077 0.40024038461538464 0.0625 0.10576923076923077
1 0.4254807692307692 0.3858173076923077 0.055288461538461536 0.11538461538461539
1 0.5192307692307693 0.40024038461538464 0.04567307692307692 0.0889423076923077
1 0.7608173076923077 0.4543269230769231 0.055288461538461536 0.09615384615384616
1 0.3605769230769231 0.3942307692307692 0.040865384615384616 0.0889423076923077
1 0.10817307692307693 0.4050480769230769 0.036057692307692304 0.08413461538461539
1 0.15264423076923078 0.40625 0.04807692307692308 0.08653846153846154
1 0.2536057692307692 0.4170673076923077 0.05048076923076923 0.08653846153846154
1 0.3269230769230769 0.4170673076923077 0.05048076923076923 0.0985576923076923
1 0.6490384615384616 0.41586538461538464 0.04807692307692308 0.0985576923076923
1 0.9447115384615384 0.47836538461538464 0.036057692307692304 0.06009615384615385
1 0.9879807692307693 0.5 0.02403846153846154 0.057692307692307696