0 0.953125 0.3713942307692308 0.09375 0.1658653846153846
0 0.359375 0.2776442307692308 0.11057692307692307 0.1658653846153846
0 0.6033653846153846 0.3161057692307692 0.09615384615384616 0.15384615384615385
0 0.07451923076923077 0.20673076923076922 0.09615384615384616 0.1971153846153846
0 0.8774038461538461 0.4182692307692308 0.15625 0.25240384615384615
0 0.14423076923076922 0.2692307692307692 0.16346153846153846 0.24759615384615385
0 0.5228365384615384 0.3329326923076923 0.11778846153846154 0.18028846153846154
0 0.28365384615384615 0.203125 0.1466346153846154 0.24519230769230768
0 0.7560096153846154 0.3389423076923077 0.13221153846153846 0.21875
0 0.41586538461538464 0.28365384615384615 0.07932692307692307 0.1201923076923077
0 0.6862980769230769 0.33533653846153844 0.06971153846153846 0.125