1 0.042067307692307696 0.22956730769230768 0.08413461538461539 0.17548076923076922
1 0.4855769230769231 0.27283653846153844 0.09375 0.13942307692307693
1 0.3125 0.29447115384615385 0.08413461538461539 0.11538461538461539
1 0.12259615384615384 0.2800480769230769 0.08413461538461539 0.12740384615384615
1 0.203125 0.3161057692307692 0.04807692307692308 0.0625
1 0.27524038461538464 0.33413461538461536 0.05048076923076923 0.08413461538461539
1 0.41466346153846156 0.30649038461538464 0.04326923076923077 0.07211538461538461
1 0.5564903846153846 0.31490384615384615 0.07211538461538461 0.09375
1 0.6971153846153846 0.2980769230769231 0.0625 0.07932692307692307
1 0.7451923076923077 0.3245192307692308 0.04567307692307692 0.07451923076923077
1 0.8533653846153846 0.3112980769230769 0.07932692307692307 0.09134615384615384