1 0.9567307692307693 0.3786057692307692 0.06490384615384616 0.14182692307692307
1 0.8112980769230769 0.390625 0.06009615384615385 0.11057692307692307
1 0.13942307692307693 0.40865384615384615 0.0625 0.11538461538461539
1 0.4230769230769231 0.39663461538461536 0.06009615384615385 0.10576923076923077
1 0.5757211538461539 0.3918269230769231 0.052884615384615384 0.11538461538461539
1 0.47836538461538464 0.40024038461538464 0.04326923076923077 0.0889423076923077
1 0.23076923076923078 0.4375 0.052884615384615384 0.09615384615384616
1 0.6394230769230769 0.4050480769230769 0.038461538461538464 0.0889423076923077
1 0.8966346153846154 0.43509615384615385 0.03365384615384615 0.08413461538461539
1 0.8509615384615384 0.43149038461538464 0.04807692307692308 0.08653846153846154
1 0.7475961538461539 0.4375 0.04807692307692308 0.08653846153846154
1 0.671875 0.43149038461538464 0.04807692307692308 0.0985576923076923
1 0.34615384615384615 0.40865384615384615 0.04567307692307692 0.0985576923076923
1 0.042067307692307696 0.4495192307692308 0.03365384615384615 0.06009615384615385
1 0.004807692307692308 0.4675480769230769 0.009615384615384616 0.057692307692307696