0 0.23197115384615385 0.20192307692307693 0.09375 0.1658653846153846
0 0.421875 0.2283653846153846 0.09134615384615384 0.15625
0 0.7860576923076923 0.20793269230769232 0.07692307692307693 0.17067307692307693
0 0.5829326923076923 0.20552884615384615 0.0673076923076923 0.14423076923076922
1 0.4879807692307692 0.19951923076923078 0.03365384615384615 0.08413461538461539
1 0.30288461538461536 0.20552884615384615 0.04326923076923077 0.10576923076923077
1 0.5240384615384616 0.19951923076923078 0.040865384615384616 0.10096153846153846
1 0.7271634615384616 0.20552884615384615 0.040865384615384616 0.09134615384615384
0 0.8894230769230769 0.20552884615384615 0.04807692307692308 0.10576923076923077
0 0.03365384615384615 0.22596153846153846 0.052884615384615384 0.09615384615384616
0 0.07692307692307693 0.21754807692307693 0.03125 0.0673076923076923