1 0.3762019230769231 0.47475961538461536 0.11538461538461539 0.18269230769230768
1 0.203125 0.390625 0.1875 0.30288461538461536
0 0.7379807692307693 0.40865384615384615 0.0985576923076923 0.16105769230769232
0 0.84375 0.4026442307692308 0.125 0.20432692307692307
0 0.5492788461538461 0.43149038461538464 0.1201923076923077 0.18990384615384615
0 0.7752403846153846 0.4014423076923077 0.07451923076923077 0.14423076923076922
0 0.6466346153846154 0.4543269230769231 0.06009615384615385 0.0985576923076923
1 0.2800480769230769 0.47716346153846156 0.09615384615384616 0.1658653846153846
0 0.49399038461538464 0.4807692307692308 0.06009615384615385 0.0889423076923077
0 0.6887019230769231 0.49759615384615385 0.06490384615384616 0.11057692307692307
0 0.9627403846153846 0.39302884615384615 0.06490384615384616 0.0889423076923077
0 0.6899038461538461 0.4266826923076923 0.04567307692307692 0.0625