1 0.22235576923076922 0.2848557692307692 0.07692307692307693 0.12740384615384615
1 0.3798076923076923 0.32211538461538464 0.06971153846153846 0.10817307692307693
1 0.6262019230769231 0.3449519230769231 0.06490384615384616 0.11298076923076923
1 0.49278846153846156 0.3485576923076923 0.057692307692307696 0.10096153846153846
1 0.2704326923076923 0.30528846153846156 0.055288461538461536 0.0985576923076923
1 0.5877403846153846 0.3581730769230769 0.05048076923076923 0.10096153846153846
1 0.6682692307692307 0.38461538461538464 0.06009615384615385 0.09615384615384616
1 0.4326923076923077 0.359375 0.04326923076923077 0.08413461538461539
1 0.4014423076923077 0.33774038461538464 0.040865384615384616 0.08173076923076923
0 0.3161057692307692 0.3425480769230769 0.04326923076923077 0.07932692307692307
0 0.040865384615384616 0.3245192307692308 0.07932692307692307 0.2668269230769231