1 0.6346153846153846 0.2704326923076923 0.08173076923076923 0.13701923076923078
1 0.8209134615384616 0.2536057692307692 0.09615384615384616 0.12980769230769232
1 0.7668269230769231 0.3004807692307692 0.08653846153846154 0.1658653846153846
1 0.4795673076923077 0.3112980769230769 0.0673076923076923 0.10817307692307693
1 0.390625 0.3245192307692308 0.06490384615384616 0.09134615384615384
1 0.3545673076923077 0.359375 0.04567307692307692 0.06490384615384616
1 0.33653846153846156 0.3233173076923077 0.038461538461538464 0.04807692307692308
1 0.15504807692307693 0.31009615384615385 0.04567307692307692 0.06009615384615385
1 0.0829326923076923 0.02283653846153846 0.05048076923076923 0.04567307692307692
1 0.24278846153846154 0.34134615384615385 0.038461538461538464 0.06490384615384616
1 0.265625 0.35216346153846156 0.03365384615384615 0.055288461538461536