1 0.8954326923076923 0.75 0.052884615384615384 0.07451923076923077
1 0.7860576923076923 0.7692307692307693 0.07211538461538461 0.11057692307692307
1 0.6862980769230769 0.7632211538461539 0.04326923076923077 0.06009615384615385
1 0.6442307692307693 0.7415865384615384 0.05048076923076923 0.08413461538461539
1 0.49038461538461536 0.7451923076923077 0.052884615384615384 0.08413461538461539
1 0.4026442307692308 0.7451923076923077 0.057692307692307696 0.10096153846153846
1 0.2848557692307692 0.7548076923076923 0.04567307692307692 0.07451923076923077
1 0.35336538461538464 0.75 0.04326923076923077 0.06971153846153846
1 0.8221153846153846 0.7728365384615384 0.04567307692307692 0.07692307692307693
1 0.4375 0.75 0.04807692307692308 0.06971153846153846
0 0.5733173076923077 0.7680288461538461 0.07211538461538461 0.10576923076923077
1 0.5817307692307693 0.7127403846153846 0.05048076923076923 0.06009615384615385