1 0.9735576923076923 0.3317307692307692 0.052884615384615384 0.17307692307692307
1 0.28365384615384615 0.23918269230769232 0.12980769230769232 0.18990384615384615
1 0.19230769230769232 0.16346153846153846 0.19951923076923078 0.2956730769230769
1 0.4206730769230769 0.23677884615384615 0.15384615384615385 0.24519230769230768
1 0.5588942307692307 0.24759615384615385 0.10576923076923077 0.15144230769230768
1 0.05889423076923077 0.22956730769230768 0.06490384615384616 0.1466346153846154
0 0.6814903846153846 0.27403846153846156 0.12740384615384615 0.17548076923076922
0 0.8858173076923077 0.2692307692307692 0.16346153846153846 0.24759615384615385
0 0.8209134615384616 0.3137019230769231 0.09375 0.17067307692307693
1 0.7644230769230769 0.2932692307692308 0.07451923076923077 0.12740384615384615
0 0.3449519230769231 0.23798076923076922 0.07451923076923077 0.15144230769230768