0 0.5456730769230769 0.47836538461538464 0.06009615384615385 0.12980769230769232
0 0.4639423076923077 0.484375 0.06009615384615385 0.12259615384615384
0 0.9387019230769231 0.4254807692307692 0.057692307692307696 0.10336538461538461
0 0.6514423076923077 0.47115384615384615 0.0625 0.11538461538461539
0 0.8425480769230769 0.44591346153846156 0.057692307692307696 0.10336538461538461
0 0.3870192307692308 0.48197115384615385 0.05048076923076923 0.11057692307692307
0 0.32211538461538464 0.4735576923076923 0.055288461538461536 0.10096153846153846
0 0.14182692307692307 0.48197115384615385 0.05048076923076923 0.08413461538461539
0 0.7463942307692307 0.45913461538461536 0.06009615384615385 0.11538461538461539
0 0.23677884615384615 0.49158653846153844 0.06009615384615385 0.10336538461538461
0 0.051682692307692304 0.5360576923076923 0.05048076923076923 0.09134615384615384