1 0.9206730769230769 0.6442307692307693 0.055288461538461536 0.07451923076923077
1 0.8197115384615384 0.6911057692307693 0.07692307692307693 0.11538461538461539
1 0.7199519230769231 0.7091346153846154 0.04567307692307692 0.06009615384615385
1 0.6742788461538461 0.6971153846153846 0.052884615384615384 0.08653846153846154
1 0.5252403846153846 0.7391826923076923 0.055288461538461536 0.08653846153846154
1 0.4411057692307692 0.7596153846153846 0.06009615384615385 0.10096153846153846
1 0.3269230769230769 0.7980769230769231 0.04807692307692308 0.07451923076923077
1 0.3918269230769231 0.7776442307692307 0.04567307692307692 0.06971153846153846
1 0.8557692307692307 0.6850961538461539 0.04807692307692308 0.07692307692307693
1 0.4735576923076923 0.7560096153846154 0.05048076923076923 0.07211538461538461
0 0.6117788461538461 0.7403846153846154 0.07692307692307693 0.10817307692307693
1 0.6057692307692307 0.6850961538461539 0.052884615384615384 0.0625