1 0.21875 0.30288461538461536 0.06971153846153846 0.12259615384615384
1 0.375 0.33413461538461536 0.06490384615384616 0.10576923076923077
1 0.6189903846153846 0.34975961538461536 0.06009615384615385 0.11057692307692307
1 0.48677884615384615 0.359375 0.052884615384615384 0.0985576923076923
1 0.265625 0.3233173076923077 0.052884615384615384 0.09615384615384616
1 0.5805288461538461 0.3629807692307692 0.04807692307692308 0.0985576923076923
1 0.6610576923076923 0.3870192307692308 0.055288461538461536 0.09375
1 0.42908653846153844 0.3701923076923077 0.038461538461538464 0.08173076923076923
1 0.39783653846153844 0.34975961538461536 0.038461538461538464 0.08173076923076923
0 0.3125 0.3581730769230769 0.040865384615384616 0.07692307692307693
0 0.037259615384615384 0.3485576923076923 0.07451923076923077 0.2644230769230769