0 0.4026442307692308 0.4951923076923077 0.057692307692307696 0.1346153846153846
0 0.4879807692307692 0.4963942307692308 0.057692307692307696 0.12740384615384615
0 0.007211538461538462 0.45913461538461536 0.014423076923076924 0.10817307692307693
0 0.2920673076923077 0.49278846153846156 0.057692307692307696 0.1201923076923077
0 0.0889423076923077 0.47596153846153844 0.057692307692307696 0.10817307692307693
0 0.5685096153846154 0.4879807692307692 0.04807692307692308 0.11538461538461539
0 0.6370192307692307 0.47596153846153844 0.052884615384615384 0.10336538461538461
0 0.8269230769230769 0.47475961538461536 0.05048076923076923 0.08653846153846154
0 0.18990384615384615 0.4831730769230769 0.057692307692307696 0.1201923076923077
0 0.7283653846153846 0.49038461538461536 0.057692307692307696 0.10817307692307693
0 0.9242788461538461 0.5276442307692307 0.04807692307692308 0.09375