1 0.84375 0.6466346153846154 0.04326923076923077 0.06490384615384616
1 0.7475961538461539 0.6754807692307693 0.057692307692307696 0.09615384615384616
1 0.65625 0.6826923076923077 0.03365384615384615 0.052884615384615384
1 0.6153846153846154 0.6658653846153846 0.040865384615384616 0.07211538461538461
1 0.47716346153846156 0.6862980769230769 0.040865384615384616 0.07211538461538461
1 0.39903846153846156 0.6959134615384616 0.04567307692307692 0.0889423076923077
1 0.2932692307692308 0.71875 0.036057692307692304 0.06490384615384616
1 0.3545673076923077 0.7067307692307693 0.03365384615384615 0.06009615384615385
1 0.7800480769230769 0.6754807692307693 0.03365384615384615 0.0673076923076923
1 0.43028846153846156 0.6971153846153846 0.038461538461538464 0.06009615384615385
0 0.5552884615384616 0.6971153846153846 0.057692307692307696 0.09134615384615384
1 0.5564903846153846 0.6478365384615384 0.040865384615384616 0.052884615384615384