1 0.38461538461538464 0.22596153846153846 0.06971153846153846 0.13221153846153846
1 0.19471153846153846 0.18509615384615385 0.08653846153846154 0.125
1 0.2439903846153846 0.2403846153846154 0.06971153846153846 0.16346153846153846
1 0.5384615384615384 0.2860576923076923 0.055288461538461536 0.10336538461538461
1 0.6274038461538461 0.3125 0.057692307692307696 0.0889423076923077
1 0.6598557692307693 0.35336538461538464 0.040865384615384616 0.0625
1 0.6826923076923077 0.3173076923076923 0.03365384615384615 0.04567307692307692
1 0.8713942307692307 0.3269230769230769 0.040865384615384616 0.057692307692307696
1 0.9783653846153846 0.03125 0.028846153846153848 0.0625
1 0.7764423076923077 0.3473557692307692 0.03125 0.0625
1 0.7512019230769231 0.3557692307692308 0.028846153846153848 0.052884615384615384