1 0.8569711538461539 0.23677884615384615 0.10817307692307693 0.16346153846153846
1 0.203125 0.3713942307692308 0.12259615384615384 0.17548076923076922
1 0.10096153846153846 0.3329326923076923 0.1875 0.27163461538461536
1 0.32211538461538464 0.3293269230769231 0.14423076923076922 0.22596153846153846
1 0.44591346153846156 0.2956730769230769 0.0985576923076923 0.14182692307692307
1 0.018028846153846152 0.43028846153846156 0.036057692307692304 0.1346153846153846
0 0.5588942307692307 0.2824519230769231 0.1201923076923077 0.16346153846153846
0 0.734375 0.21754807692307693 0.15384615384615385 0.2283653846153846
0 0.6911057692307693 0.2764423076923077 0.08653846153846154 0.15865384615384615
1 0.6358173076923077 0.27524038461538464 0.06971153846153846 0.11778846153846154
0 0.25600961538461536 0.35216346153846156 0.06971153846153846 0.13942307692307693