1 0.9411057692307693 0.5096153846153846 0.07211538461538461 0.0985576923076923
1 0.7680288461538461 0.484375 0.0673076923076923 0.10096153846153846
1 0.34134615384615385 0.41225961538461536 0.038461538461538464 0.057692307692307696
1 0.4182692307692308 0.4254807692307692 0.038461538461538464 0.07211538461538461
1 0.43990384615384615 0.4362980769230769 0.03125 0.0673076923076923
1 0.5084134615384616 0.41947115384615385 0.040865384615384616 0.06971153846153846
0 0.4723557692307692 0.4387019230769231 0.03365384615384615 0.0673076923076923
1 0.5540865384615384 0.4387019230769231 0.04807692307692308 0.09375
1 0.5901442307692307 0.43990384615384615 0.04567307692307692 0.0889423076923077
1 0.7295673076923077 0.47836538461538464 0.04326923076923077 0.07932692307692307
1 0.6826923076923077 0.4567307692307692 0.05048076923076923 0.0985576923076923