1 0.036057692307692304 0.47475961538461536 0.07211538461538461 0.10096153846153846
1 0.21514423076923078 0.453125 0.0673076923076923 0.10336538461538461
1 0.6514423076923077 0.38822115384615385 0.040865384615384616 0.06009615384615385
1 0.5721153846153846 0.39903846153846156 0.038461538461538464 0.07211538461538461
1 0.5504807692307693 0.4098557692307692 0.03125 0.0673076923076923
1 0.4807692307692308 0.3918269230769231 0.040865384615384616 0.06971153846153846
0 0.5168269230769231 0.4110576923076923 0.03365384615384615 0.06971153846153846
1 0.4326923076923077 0.4110576923076923 0.04807692307692308 0.09375
1 0.39663461538461536 0.4110576923076923 0.04567307692307692 0.09134615384615384
1 0.2536057692307692 0.44711538461538464 0.04326923076923077 0.08173076923076923
1 0.3016826923076923 0.4254807692307692 0.05048076923076923 0.10096153846153846