0 0.17307692307692307 0.3858173076923077 0.08653846153846154 0.13221153846153846
0 0.25961538461538464 0.36538461538461536 0.10817307692307693 0.17067307692307693
0 0.9266826923076923 0.49158653846153844 0.1466346153846154 0.22355769230769232
0 0.8028846153846154 0.4387019230769231 0.0985576923076923 0.14182692307692307
0 0.5673076923076923 0.41466346153846156 0.08173076923076923 0.13942307692307693
0 0.6923076923076923 0.3605769230769231 0.12980769230769232 0.20192307692307693
0 0.41947115384615385 0.4206730769230769 0.07692307692307693 0.1346153846153846
0 0.3389423076923077 0.39302884615384615 0.07692307692307693 0.11778846153846154
0 0.10336538461538461 0.3317307692307692 0.07932692307692307 0.12740384615384615
0 0.984375 0.484375 0.03125 0.1658653846153846
0 0.4579326923076923 0.4266826923076923 0.06490384615384616 0.11778846153846154
0 0.49038461538461536 0.43509615384615385 0.040865384615384616 0.07932692307692307