0 0.17548076923076922 0.4987980769230769 0.08413461538461539 0.125
0 0.24519230769230768 0.453125 0.10576923076923077 0.16105769230769232
0 0.8858173076923077 0.36177884615384615 0.1466346153846154 0.21153846153846154
0 0.7548076923076923 0.35096153846153844 0.09615384615384616 0.13701923076923078
0 0.5348557692307693 0.4026442307692308 0.07932692307692307 0.13221153846153846
0 0.6310096153846154 0.3161057692307692 0.125 0.18990384615384615
0 0.40384615384615385 0.453125 0.07451923076923077 0.12740384615384615
0 0.32572115384615385 0.4543269230769231 0.07451923076923077 0.11057692307692307
0 0.09495192307692307 0.47115384615384615 0.07692307692307693 0.12259615384615384
0 0.9519230769230769 0.3329326923076923 0.07211538461538461 0.16105769230769232
0 0.4423076923076923 0.44711538461538464 0.0625 0.11298076923076923
0 0.47475961538461536 0.44471153846153844 0.040865384615384616 0.07451923076923077