1 0.5492788461538461 0.0733173076923077 0.0985576923076923 0.13942307692307693
1 0.21754807692307693 0.3870192307692308 0.09615384615384616 0.11778846153846154
1 0.7115384615384616 0.14302884615384615 0.08173076923076923 0.12740384615384615
1 0.9867788461538461 0.33413461538461536 0.026442307692307692 0.08653846153846154
1 0.8209134615384616 0.3233173076923077 0.07211538461538461 0.09615384615384616
1 0.04447115384615385 0.2439903846153846 0.040865384615384616 0.06490384615384616
1 0.05048076923076923 0.10576923076923077 0.019230769230769232 0.057692307692307696
1 0.09375 0.19831730769230768 0.040865384615384616 0.0625
0 0.9326923076923077 0.3161057692307692 0.07451923076923077 0.10096153846153846
0 0.3076923076923077 0.21634615384615385 0.04326923076923077 0.055288461538461536
0 0.21995192307692307 0.26802884615384615 0.04807692307692308 0.057692307692307696
0 0.3737980769230769 0.234375 0.038461538461538464 0.057692307692307696