1 0.5072115384615384 0.09975961538461539 0.08173076923076923 0.125
1 0.22235576923076922 0.4411057692307692 0.08173076923076923 0.10576923076923077
1 0.6730769230769231 0.14783653846153846 0.0673076923076923 0.11778846153846154
1 0.9771634615384616 0.2980769230769231 0.04567307692307692 0.08173076923076923
1 0.8004807692307693 0.3088942307692308 0.06009615384615385 0.08653846153846154
1 0.036057692307692304 0.32572115384615385 0.038461538461538464 0.057692307692307696
1 0.018028846153846152 0.18990384615384615 0.03125 0.055288461538461536
1 0.08173076923076923 0.27403846153846156 0.03365384615384615 0.055288461538461536
0 0.9074519230769231 0.28725961538461536 0.0625 0.0889423076923077
0 0.28966346153846156 0.265625 0.036057692307692304 0.05048076923076923
0 0.21153846153846154 0.3269230769230769 0.04326923076923077 0.05048076923076923
0 0.35697115384615385 0.27524038461538464 0.03125 0.052884615384615384