1 0.4795673076923077 0.34615384615384615 0.06009615384615385 0.0985576923076923
1 0.2848557692307692 0.47475961538461536 0.0673076923076923 0.11778846153846154
1 0.0733173076923077 0.3557692307692308 0.08413461538461539 0.12740384615384615
1 0.6370192307692307 0.4795673076923077 0.0625 0.11298076923076923
1 0.3245192307692308 0.3545673076923077 0.0625 0.11057692307692307
1 0.4495192307692308 0.4387019230769231 0.07692307692307693 0.11778846153846154
1 0.7379807692307693 0.42427884615384615 0.05048076923076923 0.09375
1 0.7439903846153846 0.2776442307692308 0.05048076923076923 0.0889423076923077
1 0.9795673076923077 0.3942307692307692 0.03365384615384615 0.0673076923076923
1 0.9627403846153846 0.33653846153846156 0.040865384615384616 0.06009615384615385
1 0.9098557692307693 0.38341346153846156 0.05048076923076923 0.08173076923076923
1 0.8762019230769231 0.3076923076923077 0.04567307692307692 0.06490384615384616
0 0.15625 0.44350961538461536 0.09134615384615384 0.15144230769230768
1 0.8040865384615384 0.40865384615384615 0.040865384615384616 0.08413461538461539
1 0.8125 0.3076923076923077 0.04567307692307692 0.06971153846153846