1 0.5084134615384616 0.328125 0.0673076923076923 0.10336538461538461
1 0.2932692307692308 0.41346153846153844 0.07932692307692307 0.1201923076923077
1 0.1141826923076923 0.2548076923076923 0.09375 0.1346153846153846
1 0.6346153846153846 0.4891826923076923 0.07211538461538461 0.11778846153846154
1 0.35697115384615385 0.30528846153846156 0.07211538461538461 0.11298076923076923
1 0.46033653846153844 0.41225961538461536 0.08653846153846154 0.12259615384615384
1 0.7415865384615384 0.4567307692307692 0.06009615384615385 0.0985576923076923
1 0.7788461538461539 0.3161057692307692 0.06009615384615385 0.09134615384615384
1 0.9807692307692307 0.47716346153846156 0.038461538461538464 0.06971153846153846
1 0.9783653846153846 0.4182692307692308 0.04326923076923077 0.0625
1 0.9170673076923077 0.453125 0.057692307692307696 0.08653846153846154
1 0.9014423076923077 0.37259615384615385 0.05048076923076923 0.0673076923076923
0 0.17548076923076922 0.3557692307692308 0.10576923076923077 0.15865384615384615
1 0.8100961538461539 0.45552884615384615 0.05048076923076923 0.08653846153846154
1 0.8389423076923077 0.359375 0.052884615384615384 0.07451923076923077