1 0.038461538461538464 0.8966346153846154 0.04807692307692308 0.20673076923076922
1 0.21995192307692307 0.8557692307692307 0.125 0.21394230769230768
1 0.31490384615384615 0.8786057692307693 0.11298076923076923 0.1875
1 0.9543269230769231 0.28365384615384615 0.07692307692307693 0.15865384615384615
1 0.8737980769230769 0.1778846153846154 0.10336538461538461 0.16346153846153846
1 0.7572115384615384 0.09495192307692307 0.07932692307692307 0.14182692307692307
1 0.7740384615384616 0.3137019230769231 0.09615384615384616 0.15625
1 0.7920673076923077 0.49399038461538464 0.10576923076923077 0.1875
1 0.6622596153846154 0.7271634615384616 0.10336538461538461 0.19230769230769232
1 0.5228365384615384 0.7307692307692307 0.10576923076923077 0.1875
1 0.3954326923076923 0.6658653846153846 0.11538461538461539 0.21394230769230768
1 0.6790865384615384 0.5829326923076923 0.09615384615384616 0.14423076923076922
1 0.6129807692307693 0.6622596153846154 0.10576923076923077 0.17307692307692307
1 0.3605769230769231 0.49759615384615385 0.0985576923076923 0.17067307692307693
1 0.4951923076923077 0.5420673076923077 0.09615384615384616 0.17067307692307693
1 0.546875 0.3870192307692308 0.10096153846153846 0.15144230769230768
1 0.6706730769230769 0.44350961538461536 0.0985576923076923 0.16826923076923078
1 0.34975961538461536 0.37259615384615385 0.09615384615384616 0.14182692307692307
1 0.6778846153846154 0.30528846153846156 0.09375 0.13701923076923078
1 0.6826923076923077 0.21875 0.10336538461538461 0.1346153846153846
1 0.5949519230769231 0.16105769230769232 0.08413461538461539 0.16826923076923078
1 0.5817307692307693 0.06370192307692307 0.08653846153846154 0.12740384615384615
1 0.4495192307692308 0.20432692307692307 0.0889423076923077 0.1778846153846154
1 0.21995192307692307 0.1658653846153846 0.08173076923076923 0.17307692307692307
1 0.35216346153846156 0.19110576923076922 0.08653846153846154 0.14903846153846154
1 0.40024038461538464 0.30528846153846156 0.07692307692307693 0.13701923076923078
1 0.2512019230769231 0.07692307692307693 0.08653846153846154 0.1346153846153846
1 0.4567307692307692 0.10336538461538461 0.07932692307692307 0.11057692307692307
1 0.4026442307692308 0.06370192307692307 0.08413461538461539 0.12259615384615384
1 0.014423076923076924 0.140625 0.028846153846153848 0.16105769230769232