1 0.9290865384615384 0.27283653846153844 0.07211538461538461 0.11298076923076923
1 0.09254807692307693 0.41586538461538464 0.055288461538461536 0.10336538461538461
1 0.1875 0.38461538461538464 0.0625 0.10336538461538461
1 0.3317307692307692 0.390625 0.06009615384615385 0.0985576923076923
1 0.5324519230769231 0.36177884615384615 0.06009615384615385 0.0889423076923077
1 0.38341346153846156 0.34134615384615385 0.04326923076923077 0.07451923076923077
1 0.052884615384615384 0.4074519230769231 0.036057692307692304 0.06009615384615385
1 0.4495192307692308 0.42788461538461536 0.04807692307692308 0.0889423076923077
1 0.4879807692307692 0.34375 0.04326923076923077 0.08413461538461539
1 0.6514423076923077 0.3161057692307692 0.040865384615384616 0.07211538461538461
1 0.7055288461538461 0.3088942307692308 0.05048076923076923 0.08413461538461539
1 0.7884615384615384 0.2956730769230769 0.05048076923076923 0.08173076923076923
1 0.5865384615384616 0.47836538461538464 0.05048076923076923 0.07932692307692307
1 0.859375 0.30288461538461536 0.055288461538461536 0.10336538461538461
1 0.5576923076923077 0.32091346153846156 0.040865384615384616 0.07932692307692307