0 0.15625 0.24639423076923078 0.07932692307692307 0.1466346153846154
0 0.35336538461538464 0.23798076923076922 0.055288461538461536 0.125
0 0.4579326923076923 0.27524038461538464 0.052884615384615384 0.11057692307692307
0 0.09375 0.27884615384615385 0.04567307692307692 0.10336538461538461
0 0.30288461538461536 0.26802884615384615 0.04326923076923077 0.09615384615384616
0 0.5084134615384616 0.28365384615384615 0.04326923076923077 0.08653846153846154
0 0.5673076923076923 0.2920673076923077 0.04326923076923077 0.06971153846153846
0 0.23317307692307693 0.2668269230769231 0.057692307692307696 0.09375
0 0.01201923076923077 0.2932692307692308 0.02403846153846154 0.08173076923076923
0 0.6322115384615384 0.29447115384615385 0.04326923076923077 0.06971153846153846
0 0.7259615384615384 0.24879807692307693 0.05048076923076923 0.09615384615384616
0 0.7956730769230769 0.28725961538461536 0.03365384615384615 0.07211538461538461