1 0.75 0.5180288461538461 0.07692307692307693 0.15865384615384615
0 0.31490384615384615 0.5600961538461539 0.06009615384615385 0.12740384615384615
0 0.8737980769230769 0.5240384615384616 0.057692307692307696 0.1346153846153846
0 0.421875 0.5721153846153846 0.055288461538461536 0.1201923076923077
0 0.24639423076923078 0.5709134615384616 0.06009615384615385 0.12259615384615384
0 0.6454326923076923 0.546875 0.06009615384615385 0.12980769230769232
0 0.9230769230769231 0.5384615384615384 0.052884615384615384 0.13942307692307693
0 0.5120192307692307 0.5757211538461539 0.06009615384615385 0.1201923076923077
1 0.030048076923076924 0.5793269230769231 0.040865384615384616 0.08653846153846154
1 0.1778846153846154 0.6201923076923077 0.04807692307692308 0.09615384615384616
0 0.6995192307692307 0.6165865384615384 0.038461538461538464 0.08413461538461539