0 0.17427884615384615 0.31850961538461536 0.09375 0.15625
0 0.3737980769230769 0.2932692307692308 0.0673076923076923 0.12980769230769232
0 0.48197115384615385 0.32091346153846156 0.0625 0.11538461538461539
0 0.11177884615384616 0.3557692307692308 0.055288461538461536 0.10817307692307693
0 0.3245192307692308 0.3269230769230769 0.05048076923076923 0.10096153846153846
0 0.5336538461538461 0.3245192307692308 0.052884615384615384 0.09134615384615384
0 0.59375 0.328125 0.04807692307692308 0.07451923076923077
0 0.2536057692307692 0.3317307692307692 0.0673076923076923 0.0985576923076923
0 0.02283653846153846 0.3786057692307692 0.04567307692307692 0.08413461538461539
0 0.6610576923076923 0.3245192307692308 0.05048076923076923 0.07451923076923077
0 0.7512019230769231 0.2692307692307692 0.06009615384615385 0.10336538461538461
0 0.8257211538461539 0.3016826923076923 0.04326923076923077 0.07692307692307693