1 0.8353365384615384 0.4723557692307692 0.07451923076923077 0.12740384615384615
1 0.6899038461538461 0.49278846153846156 0.0625 0.11538461538461539
1 0.030048076923076924 0.5180288461538461 0.055288461538461536 0.10096153846153846
1 0.7920673076923077 0.5036057692307693 0.05048076923076923 0.09134615384615384
1 0.4014423076923077 0.49278846153846156 0.038461538461538464 0.0985576923076923
1 0.35216346153846156 0.5264423076923077 0.03365384615384615 0.07932692307692307
1 0.17307692307692307 0.5204326923076923 0.04326923076923077 0.08653846153846154
1 0.2776442307692308 0.5528846153846154 0.028846153846153848 0.06009615384615385
0 0.30288461538461536 0.5300480769230769 0.04807692307692308 0.09134615384615384
0 0.4338942307692308 0.4963942307692308 0.05048076923076923 0.0985576923076923
0 0.546875 0.5072115384615384 0.057692307692307696 0.0985576923076923