1 0.18629807692307693 0.49399038461538464 0.08173076923076923 0.12740384615384615
1 0.328125 0.4987980769230769 0.0673076923076923 0.11538461538461539
1 0.9639423076923077 0.45552884615384615 0.057692307692307696 0.10336538461538461
1 0.23076923076923078 0.5192307692307693 0.055288461538461536 0.09375
1 0.6045673076923077 0.4699519230769231 0.04326923076923077 0.0985576923076923
1 0.6550480769230769 0.49759615384615385 0.036057692307692304 0.07932692307692307
1 0.8269230769230769 0.4723557692307692 0.04807692307692308 0.08653846153846154
1 0.7307692307692307 0.5144230769230769 0.03365384615384615 0.06009615384615385
0 0.7019230769230769 0.4951923076923077 0.052884615384615384 0.09134615384615384
0 0.5745192307692307 0.47716346153846156 0.055288461538461536 0.0985576923076923
0 0.46634615384615385 0.49759615384615385 0.0625 0.0985576923076923