1 0.02403846153846154 0.32572115384615385 0.04807692307692308 0.10817307692307693
1 0.8305288461538461 0.32211538461538464 0.052884615384615384 0.0985576923076923
1 0.7355769230769231 0.3088942307692308 0.06009615384615385 0.0985576923076923
1 0.6009615384615384 0.33774038461538464 0.057692307692307696 0.09615384615384616
1 0.4026442307692308 0.3449519230769231 0.055288461538461536 0.08653846153846154
1 0.5420673076923077 0.3004807692307692 0.040865384615384616 0.07211538461538461
1 0.8665865384615384 0.3076923076923077 0.03365384615384615 0.057692307692307696
1 0.49399038461538464 0.39302884615384615 0.04567307692307692 0.08413461538461539
1 0.44350961538461536 0.32091346153846156 0.040865384615384616 0.08173076923076923
1 0.2824519230769231 0.32091346153846156 0.038461538461538464 0.06971153846153846
1 0.23076923076923078 0.3233173076923077 0.04807692307692308 0.08173076923076923
1 0.1502403846153846 0.32572115384615385 0.04807692307692308 0.07932692307692307
1 0.37259615384615385 0.46153846153846156 0.04807692307692308 0.07451923076923077
1 0.08413461538461539 0.34375 0.052884615384615384 0.0985576923076923
1 0.3737980769230769 0.3112980769230769 0.040865384615384616 0.07451923076923077