0 0.18509615384615385 0.2536057692307692 0.09134615384615384 0.14423076923076922
0 0.36658653846153844 0.27163461538461536 0.0673076923076923 0.1201923076923077
0 0.45913461538461536 0.31850961538461536 0.0625 0.10817307692307693
0 0.12259615384615384 0.27283653846153844 0.055288461538461536 0.10096153846153846
0 0.3173076923076923 0.2920673076923077 0.05048076923076923 0.09375
0 0.5048076923076923 0.3317307692307692 0.05048076923076923 0.08653846153846154
0 0.5576923076923077 0.3473557692307692 0.04807692307692308 0.06971153846153846
0 0.2536057692307692 0.28125 0.06490384615384616 0.09375
0 0.042067307692307696 0.2764423076923077 0.040865384615384616 0.07932692307692307
0 0.6165865384615384 0.3581730769230769 0.05048076923076923 0.06971153846153846
0 0.7103365384615384 0.328125 0.057692307692307696 0.09375
0 0.7680288461538461 0.37259615384615385 0.040865384615384616 0.07211538461538461