1 0.9927884615384616 0.36778846153846156 0.014423076923076924 0.11057692307692307
1 0.18629807692307693 0.2932692307692308 0.0625 0.10336538461538461
1 0.2860576923076923 0.28725961538461536 0.06971153846153846 0.10576923076923077
1 0.421875 0.3293269230769231 0.06490384615384616 0.10096153846153846
1 0.6237980769230769 0.35336538461538464 0.06490384615384616 0.09134615384615384
1 0.484375 0.2956730769230769 0.04807692307692308 0.07692307692307693
1 0.1502403846153846 0.27403846153846156 0.040865384615384616 0.0625
1 0.5252403846153846 0.3954326923076923 0.055288461538461536 0.0889423076923077
1 0.5829326923076923 0.32572115384615385 0.05048076923076923 0.08653846153846154
1 0.7487980769230769 0.34134615384615385 0.04567307692307692 0.07211538461538461
1 0.8016826923076923 0.3473557692307692 0.055288461538461536 0.0889423076923077
1 0.8846153846153846 0.35697115384615385 0.055288461538461536 0.08413461538461539
1 0.6442307692307693 0.47836538461538464 0.055288461538461536 0.08173076923076923
1 0.9507211538461539 0.38221153846153844 0.0625 0.10336538461538461
1 0.6574519230769231 0.32091346153846156 0.04567307692307692 0.07932692307692307