1 0.9519230769230769 0.8401442307692307 0.09615384615384616 0.23317307692307693
1 0.7572115384615384 0.8028846153846154 0.11538461538461539 0.19471153846153846
1 0.6730769230769231 0.8329326923076923 0.10336538461538461 0.17067307692307693
1 0.03245192307692308 0.34975961538461536 0.06490384615384616 0.1466346153846154
1 0.09495192307692307 0.24639423076923078 0.09615384615384616 0.15144230769230768
1 0.19471153846153846 0.15985576923076922 0.07451923076923077 0.12980769230769232
1 0.19951923076923078 0.3605769230769231 0.0889423076923077 0.14423076923076922
1 0.20072115384615385 0.5276442307692307 0.0985576923076923 0.17067307692307693
1 0.34134615384615385 0.7283653846153846 0.09375 0.1778846153846154
1 0.4675480769230769 0.71875 0.0985576923076923 0.17067307692307693
1 0.578125 0.6466346153846154 0.10817307692307693 0.19471153846153846
1 0.3112980769230769 0.5985576923076923 0.0889423076923077 0.1346153846153846
1 0.3798076923076923 0.6646634615384616 0.09615384615384616 0.15625
1 0.5949519230769231 0.49038461538461536 0.0889423076923077 0.15625
1 0.47716346153846156 0.5432692307692307 0.08653846153846154 0.15625
1 0.41346153846153844 0.40625 0.09134615384615384 0.13942307692307693
1 0.30528846153846156 0.46875 0.09134615384615384 0.15384615384615385
1 0.5925480769230769 0.375 0.0889423076923077 0.12980769230769232
1 0.28725961538461536 0.34375 0.08653846153846154 0.12740384615384615
1 0.27403846153846156 0.265625 0.09615384615384616 0.12259615384615384
1 0.3485576923076923 0.20432692307692307 0.07692307692307693 0.15384615384615385
1 0.34975961538461536 0.10697115384615384 0.07932692307692307 0.12980769230769232
1 0.4855769230769231 0.22956730769230768 0.08173076923076923 0.16346153846153846
1 0.6911057692307693 0.17307692307692307 0.07451923076923077 0.15865384615384615
1 0.5721153846153846 0.2091346153846154 0.07932692307692307 0.13701923076923078
1 0.5396634615384616 0.3173076923076923 0.07211538461538461 0.125
1 0.6526442307692307 0.078125 0.08173076923076923 0.15625
1 0.4699519230769231 0.13942307692307693 0.07211538461538461 0.10096153846153846
1 0.5144230769230769 0.08413461538461539 0.07692307692307693 0.13942307692307693
1 0.8978365384615384 0.12980769230769232 0.06971153846153846 0.14903846153846154