1 0.23798076923076922 0.5564903846153846 0.06971153846153846 0.16346153846153846
0 0.6959134615384616 0.5685096153846154 0.052884615384615384 0.12980769230769232
0 0.10817307692307693 0.5733173076923077 0.04807692307692308 0.13942307692307693
0 0.5841346153846154 0.5889423076923077 0.04807692307692308 0.1201923076923077
0 0.7692307692307693 0.5757211538461539 0.055288461538461536 0.125
0 0.34975961538461536 0.5793269230769231 0.052884615384615384 0.1346153846153846
0 0.05889423076923077 0.5913461538461539 0.04567307692307692 0.14182692307692307
0 0.49158653846153844 0.6021634615384616 0.052884615384615384 0.1201923076923077
1 0.9879807692307693 0.5685096153846154 0.02403846153846154 0.0889423076923077
1 0.8425480769230769 0.6213942307692307 0.04326923076923077 0.09615384615384616
0 0.2980769230769231 0.65625 0.03365384615384615 0.08653846153846154