1 0.24639423076923078 0.515625 0.07451923076923077 0.16105769230769232
0 0.6947115384615384 0.5432692307692307 0.057692307692307696 0.12980769230769232
0 0.11899038461538461 0.5264423076923077 0.052884615384615384 0.13701923076923078
0 0.5841346153846154 0.5576923076923077 0.052884615384615384 0.1201923076923077
0 0.7668269230769231 0.5516826923076923 0.06009615384615385 0.125
0 0.3557692307692308 0.5408653846153846 0.057692307692307696 0.13221153846153846
0 0.06971153846153846 0.5432692307692307 0.05048076923076923 0.14182692307692307
0 0.49278846153846156 0.5673076923076923 0.057692307692307696 0.1201923076923077
1 0.984375 0.5528846153846154 0.03125 0.0889423076923077
1 0.8365384615384616 0.5997596153846154 0.04567307692307692 0.09615384615384616
0 0.3016826923076923 0.6141826923076923 0.036057692307692304 0.08413461538461539