1 0.125 0.3894230769230769 0.0889423076923077 0.15625
1 0.25600961538461536 0.41466346153846156 0.06009615384615385 0.10817307692307693
1 0.359375 0.4074519230769231 0.055288461538461536 0.10576923076923077
1 0.7596153846153846 0.6310096153846154 0.04807692307692308 0.07692307692307693
1 0.9134615384615384 0.5757211538461539 0.04326923076923077 0.08173076923076923
1 0.609375 0.4639423076923077 0.04807692307692308 0.08653846153846154
1 0.484375 0.5877403846153846 0.04807692307692308 0.07692307692307693
1 0.5516826923076923 0.4987980769230769 0.04326923076923077 0.08413461538461539
1 0.4495192307692308 0.4423076923076923 0.052884615384615384 0.08653846153846154
1 0.3112980769230769 0.43028846153846156 0.04807692307692308 0.09375
1 0.7680288461538461 0.578125 0.038461538461538464 0.07211538461538461