1 0.8533653846153846 0.3389423076923077 0.09375 0.15865384615384615
1 0.7271634615384616 0.38100961538461536 0.0625 0.11057692307692307
1 0.625 0.3894230769230769 0.06009615384615385 0.10817307692307693
1 0.25961538461538464 0.6658653846153846 0.05048076923076923 0.07932692307692307
1 0.09975961538461539 0.6322115384615384 0.04567307692307692 0.08173076923076923
1 0.38461538461538464 0.4795673076923077 0.052884615384615384 0.0889423076923077
1 0.5252403846153846 0.5841346153846154 0.05048076923076923 0.07932692307692307
1 0.44711538461538464 0.5060096153846154 0.04567307692307692 0.08413461538461539
1 0.5396634615384616 0.4362980769230769 0.055288461538461536 0.0889423076923077
1 0.6766826923076923 0.4050480769230769 0.052884615384615384 0.09375
1 0.2439903846153846 0.6153846153846154 0.040865384615384616 0.07211538461538461