1 0.5144230769230769 0.3137019230769231 0.0625 0.10096153846153846
1 0.7259615384615384 0.41586538461538464 0.07211538461538461 0.1201923076923077
1 0.9182692307692307 0.26802884615384615 0.08653846153846154 0.13221153846153846
1 0.375 0.46875 0.06490384615384616 0.11538461538461539
1 0.6694711538461539 0.3016826923076923 0.06490384615384616 0.11298076923076923
1 0.5564903846153846 0.4026442307692308 0.08173076923076923 0.1201923076923077
1 0.26802884615384615 0.42788461538461536 0.055288461538461536 0.0985576923076923
1 0.24158653846153846 0.28365384615384615 0.055288461538461536 0.09134615384615384
1 0.020432692307692308 0.43149038461538464 0.040865384615384616 0.06971153846153846
1 0.03125 0.37259615384615385 0.04326923076923077 0.0625
1 0.09134615384615384 0.4110576923076923 0.052884615384615384 0.08413461538461539
1 0.1141826923076923 0.33052884615384615 0.04807692307692308 0.06490384615384616
0 0.8485576923076923 0.36658653846153844 0.09615384615384616 0.15625
1 0.19951923076923078 0.421875 0.04326923076923077 0.08653846153846154
1 0.1778846153846154 0.3233173076923077 0.04807692307692308 0.07211538461538461