0 0.7728365384615384 0.40625 0.07211538461538461 0.12740384615384615
0 0.6586538461538461 0.4254807692307692 0.0889423076923077 0.13221153846153846
0 0.9507211538461539 0.4326923076923077 0.0985576923076923 0.22596153846153846
0 0.5600961538461539 0.40384615384615385 0.05048076923076923 0.08653846153846154
0 0.8677884615384616 0.4050480769230769 0.0625 0.09134615384615384
0 0.5024038461538461 0.4362980769230769 0.038461538461538464 0.0625
1 0.27163461538461536 0.44591346153846156 0.05048076923076923 0.06971153846153846
1 0.33653846153846156 0.43149038461538464 0.036057692307692304 0.055288461538461536
1 0.36177884615384615 0.41346153846153844 0.038461538461538464 0.055288461538461536
0 0.40384615384615385 0.43509615384615385 0.04807692307692308 0.07692307692307693
0 0.47716346153846156 0.42788461538461536 0.036057692307692304 0.07211538461538461
0 0.16826923076923078 0.4362980769230769 0.04567307692307692 0.08173076923076923
0 0.140625 0.4483173076923077 0.03125 0.04807692307692308