0 0.14182692307692307 0.2980769230769231 0.052884615384615384 0.0889423076923077
0 0.28725961538461536 0.28725961538461536 0.06009615384615385 0.09615384615384616
0 0.09254807692307693 0.31009615384615385 0.04807692307692308 0.0673076923076923
0 0.18990384615384615 0.27163461538461536 0.052884615384615384 0.09134615384615384
0 0.3605769230769231 0.2848557692307692 0.038461538461538464 0.0625
0 0.3858173076923077 0.3125 0.057692307692307696 0.08413461538461539
0 0.4579326923076923 0.31850961538461536 0.06009615384615385 0.09134615384615384
0 0.5673076923076923 0.3485576923076923 0.05048076923076923 0.08413461538461539
0 0.6021634615384616 0.32211538461538464 0.04567307692307692 0.08413461538461539
0 0.6346153846153846 0.35216346153846156 0.057692307692307696 0.08653846153846154
0 0.7884615384615384 0.3701923076923077 0.04567307692307692 0.07932692307692307
0 0.7716346153846154 0.33533653846153844 0.038461538461538464 0.08173076923076923
0 0.9266826923076923 0.36658653846153844 0.04807692307692308 0.07692307692307693