1 0.10336538461538461 0.0673076923076923 0.125 0.1346153846153846
1 0.12379807692307693 0.5625 0.1658653846153846 0.23798076923076922
1 0.4855769230769231 0.0829326923076923 0.07932692307692307 0.1201923076923077
1 0.6850961538461539 0.13822115384615385 0.08653846153846154 0.125
1 0.8701923076923077 0.3449519230769231 0.08173076923076923 0.10576923076923077
1 0.21995192307692307 0.11538461538461539 0.06490384615384616 0.09615384615384616
1 0.09134615384615384 0.29927884615384615 0.08173076923076923 0.14903846153846154
1 0.3076923076923077 0.35336538461538464 0.07451923076923077 0.10096153846153846
1 0.3233173076923077 0.09254807692307693 0.0625 0.09375
1 0.6490384615384616 0.203125 0.052884615384615384 0.0889423076923077
1 0.6586538461538461 0.33052884615384615 0.1201923076923077 0.1658653846153846