0 0.8990384615384616 0.41466346153846156 0.05048076923076923 0.08413461538461539
0 0.7692307692307693 0.36538461538461536 0.057692307692307696 0.09134615384615384
0 0.9447115384615384 0.43990384615384615 0.04567307692307692 0.06490384615384616
0 0.8629807692307693 0.3762019230769231 0.05048076923076923 0.0889423076923077
0 0.7007211538461539 0.34375 0.038461538461538464 0.06009615384615385
0 0.6694711538461539 0.3641826923076923 0.055288461538461536 0.07932692307692307
0 0.6009615384615384 0.34975961538461536 0.057692307692307696 0.0889423076923077
0 0.49158653846153844 0.3473557692307692 0.05048076923076923 0.07932692307692307
0 0.4639423076923077 0.3137019230769231 0.04326923076923077 0.08173076923076923
0 0.42788461538461536 0.3329326923076923 0.055288461538461536 0.08413461538461539
0 0.27884615384615385 0.31009615384615385 0.04326923076923077 0.07692307692307693
0 0.30528846153846156 0.2824519230769231 0.038461538461538464 0.07692307692307693
0 0.15144230769230768 0.2692307692307692 0.04807692307692308 0.07211538461538461
0 0.046875 0.24158653846153846 0.040865384615384616 0.09615384615384616