1 0.8257211538461539 0.06009615384615385 0.13221153846153846 0.1201923076923077
1 0.8245192307692307 0.5576923076923077 0.1778846153846154 0.25
1 0.4362980769230769 0.07932692307692307 0.08413461538461539 0.125
1 0.234375 0.14182692307692307 0.09134615384615384 0.12980769230769232
1 0.05048076923076923 0.3605769230769231 0.08653846153846154 0.11057692307692307
1 0.7091346153846154 0.10336538461538461 0.06971153846153846 0.10096153846153846
1 0.8485576923076923 0.2860576923076923 0.09134615384615384 0.15384615384615385
1 0.6298076923076923 0.34975961538461536 0.07932692307692307 0.10576923076923077
1 0.6033653846153846 0.08173076923076923 0.0673076923076923 0.09615384615384616
1 0.27403846153846156 0.20673076923076922 0.057692307692307696 0.09134615384615384
1 0.26802884615384615 0.3401442307692308 0.12980769230769232 0.17307692307692307