1 0.039663461538461536 0.14182692307692307 0.07932692307692307 0.15865384615384615
1 0.1778846153846154 0.6262019230769231 0.17548076923076922 0.24519230769230768
1 0.39783653846153844 0.06370192307692307 0.07932692307692307 0.11298076923076923
1 0.6057692307692307 0.06009615384615385 0.09134615384615384 0.1201923076923077
1 0.84375 0.20552884615384615 0.08653846153846154 0.10817307692307693
1 0.1466346153846154 0.16466346153846154 0.0673076923076923 0.10096153846153846
1 0.07211538461538461 0.3786057692307692 0.0889423076923077 0.15144230769230768
1 0.2980769230769231 0.3713942307692308 0.07692307692307693 0.10336538461538461
1 0.2403846153846154 0.11298076923076923 0.06490384615384616 0.09615384615384616
1 0.5889423076923077 0.12980769230769232 0.055288461538461536 0.09134615384615384
1 0.6346153846153846 0.2512019230769231 0.12740384615384615 0.17067307692307693