0 0.5564903846153846 0.28125 0.0985576923076923 0.14182692307692307
0 0.375 0.3329326923076923 0.09615384615384616 0.16105769230769232
0 0.06129807692307692 0.39663461538461536 0.10336538461538461 0.13942307692307693
0 0.1622596153846154 0.3293269230769231 0.12259615384615384 0.16826923076923078
0 0.7151442307692307 0.2091346153846154 0.12740384615384615 0.17307692307692307
0 0.2644230769230769 0.4579326923076923 0.08173076923076923 0.12740384615384615
0 0.42427884615384615 0.3858173076923077 0.0673076923076923 0.12740384615384615
0 0.9483173076923077 0.36177884615384615 0.07211538461538461 0.10336538461538461
0 0.48197115384615385 0.41225961538461536 0.06009615384615385 0.09375
0 0.8016826923076923 0.3088942307692308 0.07692307692307693 0.11778846153846154
0 0.8557692307692307 0.359375 0.06009615384615385 0.0985576923076923
0 0.6935096153846154 0.40024038461538464 0.0673076923076923 0.1201923076923077