0 0.9182692307692307 0.25841346153846156 0.0985576923076923 0.15625
0 0.4855769230769231 0.34975961538461536 0.08173076923076923 0.14423076923076922
0 0.7632211538461539 0.3473557692307692 0.09375 0.1346153846153846
0 0.21634615384615385 0.4014423076923077 0.08173076923076923 0.12740384615384615
0 0.5480769230769231 0.36778846153846156 0.06971153846153846 0.10096153846153846
0 0.8473557692307693 0.3581730769230769 0.07451923076923077 0.12259615384615384
0 0.6862980769230769 0.35697115384615385 0.07932692307692307 0.11538461538461539
0 0.36899038461538464 0.38461538461538464 0.08653846153846154 0.1346153846153846
0 0.054086538461538464 0.38822115384615385 0.0625 0.10336538461538461
0 0.33653846153846156 0.3016826923076923 0.07451923076923077 0.0985576923076923
0 0.12259615384615384 0.3954326923076923 0.0625 0.09375