0 0.21875 0.3894230769230769 0.07692307692307693 0.125
0 0.33052884615384615 0.41346153846153844 0.09134615384615384 0.1346153846153846
0 0.04927884615384615 0.4050480769230769 0.0985576923076923 0.22355769230769232
0 0.42908653846153844 0.39783653846153844 0.055288461538461536 0.08653846153846154
0 0.12620192307692307 0.38341346153846156 0.0673076923076923 0.09134615384615384
0 0.4831730769230769 0.4326923076923077 0.040865384615384616 0.06490384615384616
1 0.7079326923076923 0.4543269230769231 0.052884615384615384 0.06971153846153846
1 0.6454326923076923 0.4362980769230769 0.036057692307692304 0.055288461538461536
1 0.6213942307692307 0.4182692307692308 0.040865384615384616 0.055288461538461536
0 0.5793269230769231 0.4375 0.05048076923076923 0.07692307692307693
0 0.5084134615384616 0.4254807692307692 0.038461538461538464 0.07211538461538461
0 0.8100961538461539 0.45072115384615385 0.04807692307692308 0.07932692307692307
0 0.8365384615384616 0.4639423076923077 0.03365384615384615 0.04807692307692308