0 0.9855769230769231 0.34375 0.028846153846153848 0.14903846153846154
0 0.5889423076923077 0.359375 0.08173076923076923 0.13942307692307693
0 0.8557692307692307 0.4050480769230769 0.09134615384615384 0.13221153846153846
0 0.32211538461538464 0.36538461538461536 0.07932692307692307 0.125
0 0.6454326923076923 0.38822115384615385 0.0673076923076923 0.0985576923076923
0 0.9338942307692307 0.43028846153846156 0.07211538461538461 0.11778846153846154
0 0.78125 0.4014423076923077 0.07932692307692307 0.11298076923076923
0 0.4723557692307692 0.375 0.08413461538461539 0.12980769230769232
0 0.17067307692307693 0.32572115384615385 0.0625 0.0985576923076923
0 0.4543269230769231 0.28966346153846156 0.07211538461538461 0.09375
0 0.23317307692307693 0.34375 0.0625 0.09134615384615384