1 0.14543269230769232 0.30649038461538464 0.05048076923076923 0.10576923076923077
1 0.7151442307692307 0.31850961538461536 0.06490384615384616 0.12740384615384615
1 0.4170673076923077 0.3389423076923077 0.0673076923076923 0.12259615384615384
1 0.25240384615384615 0.3125 0.06971153846153846 0.13942307692307693
1 0.20552884615384615 0.35216346153846156 0.06009615384615385 0.11538461538461539
1 0.2932692307692308 0.34134615384615385 0.038461538461538464 0.09615384615384616
1 0.45072115384615385 0.3125 0.026442307692307692 0.06490384615384616
1 0.49278846153846156 0.2956730769230769 0.07211538461538461 0.12740384615384615
0 0.5420673076923077 0.3088942307692308 0.052884615384615384 0.12259615384615384
1 0.5793269230769231 0.328125 0.03365384615384615 0.0625
1 0.8185096153846154 0.31850961538461536 0.04567307692307692 0.08413461538461539
1 0.8918269230769231 0.33653846153846156 0.04326923076923077 0.09134615384615384
1 0.9411057692307693 0.3137019230769231 0.07211538461538461 0.16105769230769232
1 0.9807692307692307 0.32211538461538464 0.038461538461538464 0.10576923076923077