0 0.9182692307692307 0.36658653846153844 0.04567307692307692 0.0889423076923077
0 0.7752403846153846 0.3293269230769231 0.05048076923076923 0.09375
0 0.9663461538461539 0.3894230769230769 0.040865384615384616 0.06490384615384616
0 0.875 0.3317307692307692 0.04567307692307692 0.09134615384615384
0 0.7007211538461539 0.31490384615384615 0.03365384615384615 0.06009615384615385
0 0.671875 0.3389423076923077 0.05048076923076923 0.08173076923076923
0 0.5973557692307693 0.3317307692307692 0.05048076923076923 0.09134615384615384
0 0.4831730769230769 0.34134615384615385 0.04567307692307692 0.08173076923076923
0 0.4495192307692308 0.31009615384615385 0.038461538461538464 0.08413461538461539
0 0.41466346153846156 0.33413461538461536 0.05048076923076923 0.08413461538461539
0 0.25600961538461536 0.32572115384615385 0.038461538461538464 0.07932692307692307
0 0.27884615384615385 0.2920673076923077 0.03365384615384615 0.07932692307692307
0 0.11778846153846154 0.296875 0.04326923076923077 0.07451923076923077
0 0.014423076923076924 0.2800480769230769 0.016826923076923076 0.0985576923076923