1 0.8533653846153846 0.3004807692307692 0.05048076923076923 0.10576923076923077
1 0.28365384615384615 0.3125 0.06490384615384616 0.12740384615384615
1 0.5829326923076923 0.3329326923076923 0.0673076923076923 0.12259615384615384
1 0.7463942307692307 0.30649038461538464 0.06971153846153846 0.13942307692307693
1 0.7944711538461539 0.34615384615384615 0.06009615384615385 0.11538461538461539
1 0.7067307692307693 0.33533653846153844 0.038461538461538464 0.09615384615384616
1 0.5480769230769231 0.30528846153846156 0.026442307692307692 0.06490384615384616
1 0.5072115384615384 0.28966346153846156 0.07211538461538461 0.12740384615384615
0 0.4579326923076923 0.30288461538461536 0.052884615384615384 0.12259615384615384
1 0.4206730769230769 0.32091346153846156 0.03365384615384615 0.0625
1 0.18028846153846154 0.3125 0.04567307692307692 0.08413461538461539
1 0.10817307692307693 0.33052884615384615 0.04326923076923077 0.09134615384615384
1 0.05889423076923077 0.30649038461538464 0.07211538461538461 0.16105769230769232
1 0.018028846153846152 0.3173076923076923 0.036057692307692304 0.10576923076923077