1 0.8858173076923077 0.34975961538461536 0.055288461538461536 0.11057692307692307
1 0.29927884615384615 0.3004807692307692 0.07211538461538461 0.1346153846153846
1 0.6045673076923077 0.35336538461538464 0.07451923076923077 0.12740384615384615
1 0.7764423076923077 0.34375 0.07692307692307693 0.1466346153846154
1 0.8197115384615384 0.390625 0.0673076923076923 0.1201923076923077
1 0.7307692307692307 0.36899038461538464 0.04326923076923077 0.10096153846153846
1 0.5709134615384616 0.3233173076923077 0.028846153846153848 0.0673076923076923
1 0.53125 0.3004807692307692 0.07932692307692307 0.1346153846153846
0 0.4795673076923077 0.3088942307692308 0.06009615384615385 0.12740384615384615
1 0.4387019230769231 0.3245192307692308 0.038461538461538464 0.06490384615384616
1 0.1935096153846154 0.28966346153846156 0.05048076923076923 0.0889423076923077
1 0.11658653846153846 0.3004807692307692 0.04807692307692308 0.09375
1 0.06850961538461539 0.2704326923076923 0.08173076923076923 0.16826923076923078
1 0.028846153846153848 0.27524038461538464 0.036057692307692304 0.11057692307692307