0 0.6262019230769231 0.28966346153846156 0.10336538461538461 0.15384615384615385
0 0.421875 0.28725961538461536 0.0985576923076923 0.17548076923076922
0 0.07572115384615384 0.25961538461538464 0.11057692307692307 0.15144230769230768
0 0.20192307692307693 0.21995192307692307 0.12740384615384615 0.18028846153846154
0 0.8161057692307693 0.2608173076923077 0.13221153846153846 0.18509615384615385
0 0.2692307692307692 0.3870192307692308 0.08413461538461539 0.13701923076923078
0 0.4579326923076923 0.3581730769230769 0.0673076923076923 0.13701923076923078
0 0.9867788461538461 0.4855769230769231 0.026442307692307692 0.10576923076923077
0 0.5108173076923077 0.4026442307692308 0.0625 0.10096153846153846
0 0.875 0.3894230769230769 0.07932692307692307 0.12740384615384615
0 0.9182692307692307 0.45913461538461536 0.06009615384615385 0.10576923076923077
0 0.7355769230769231 0.4543269230769231 0.06971153846153846 0.12980769230769232