0 0.9651442307692307 0.3137019230769231 0.06971153846153846 0.14182692307692307
0 0.5540865384615384 0.3641826923076923 0.0673076923076923 0.12980769230769232
0 0.8185096153846154 0.3858173076923077 0.07932692307692307 0.12259615384615384
0 0.2932692307692308 0.3918269230769231 0.0673076923076923 0.11538461538461539
0 0.6105769230769231 0.3870192307692308 0.057692307692307696 0.09134615384615384
0 0.8966346153846154 0.40384615384615385 0.0625 0.11057692307692307
0 0.7439903846153846 0.3894230769230769 0.0673076923076923 0.10576923076923077
0 0.43990384615384615 0.3894230769230769 0.07211538461538461 0.12259615384615384
0 0.140625 0.36538461538461536 0.052884615384615384 0.09375
0 0.41586538461538464 0.30649038461538464 0.0625 0.08653846153846154
0 0.20432692307692307 0.3786057692307692 0.052884615384615384 0.08653846153846154