1 0.5240384615384616 0.328125 0.06971153846153846 0.10336538461538461
0 0.11298076923076923 0.32572115384615385 0.0673076923076923 0.10817307692307693
0 0.6850961538461539 0.2668269230769231 0.06490384615384616 0.09615384615384616
0 0.7896634615384616 0.28725961538461536 0.05048076923076923 0.07211538461538461
0 0.7584134615384616 0.30408653846153844 0.040865384615384616 0.06971153846153846
0 0.3112980769230769 0.3137019230769231 0.0625 0.09134615384615384
0 0.16947115384615385 0.3161057692307692 0.052884615384615384 0.08173076923076923
0 0.5480769230769231 0.3004807692307692 0.04807692307692308 0.0985576923076923
0 0.4579326923076923 0.3389423076923077 0.04326923076923077 0.07451923076923077
0 0.2860576923076923 0.328125 0.04326923076923077 0.07451923076923077
0 0.06610576923076923 0.3473557692307692 0.052884615384615384 0.09134615384615384