1 0.5168269230769231 0.3137019230769231 0.057692307692307696 0.09375
0 0.1346153846153846 0.25240384615384615 0.055288461538461536 0.0985576923076923
0 0.6778846153846154 0.2800480769230769 0.055288461538461536 0.08653846153846154
0 0.7728365384615384 0.3161057692307692 0.04326923076923077 0.06490384615384616
0 0.7403846153846154 0.3269230769230769 0.03125 0.06490384615384616
0 0.32091346153846156 0.2704326923076923 0.052884615384615384 0.08413461538461539
0 0.18870192307692307 0.2512019230769231 0.04567307692307692 0.07451923076923077
0 0.5444711538461539 0.2920673076923077 0.038461538461538464 0.0889423076923077
0 0.45552884615384615 0.3161057692307692 0.03365384615384615 0.0673076923076923
0 0.2956730769230769 0.27884615384615385 0.03365384615384615 0.0673076923076923
0 0.08774038461538461 0.2644230769230769 0.04326923076923077 0.08413461538461539