1 0.21033653846153846 0.28966346153846156 0.1201923076923077 0.19951923076923078
1 0.07211538461538461 0.35216346153846156 0.07451923076923077 0.12740384615384615
1 0.5132211538461539 0.3076923076923077 0.057692307692307696 0.11057692307692307
1 0.3173076923076923 0.2247596153846154 0.1346153846153846 0.22355769230769232
1 0.78125 0.23557692307692307 0.09375 0.18269230769230768
1 0.38822115384615385 0.296875 0.06971153846153846 0.14423076923076922
1 0.5709134615384616 0.30288461538461536 0.05048076923076923 0.10817307692307693
1 0.5973557692307693 0.30528846153846156 0.055288461538461536 0.10817307692307693
1 0.01201923076923077 0.36658653846153844 0.02403846153846154 0.08413461538461539
1 0.8930288461538461 0.2608173076923077 0.21394230769230768 0.5120192307692307
1 0.6826923076923077 0.29927884615384615 0.040865384615384616 0.07211538461538461
1 0.6442307692307693 0.31971153846153844 0.04326923076923077 0.0889423076923077
1 0.42427884615384615 0.3161057692307692 0.04807692307692308 0.13221153846153846
1 0.4579326923076923 0.35336538461538464 0.055288461538461536 0.10336538461538461