1 0.18629807692307693 0.2920673076923077 0.08173076923076923 0.15144230769230768
1 0.4206730769230769 0.2536057692307692 0.0889423076923077 0.14903846153846154
1 0.8882211538461539 0.3449519230769231 0.13701923076923078 0.18028846153846154
1 0.7524038461538461 0.3449519230769231 0.08413461538461539 0.14423076923076922
1 0.08533653846153846 0.28365384615384615 0.1346153846153846 0.22115384615384615
1 0.9795673076923077 0.3233173076923077 0.040865384615384616 0.17067307692307693
1 0.5348557692307693 0.3112980769230769 0.06490384615384616 0.13221153846153846
1 0.8353365384615384 0.3449519230769231 0.08173076923076923 0.13701923076923078
1 0.5865384615384616 0.3389423076923077 0.04567307692307692 0.09615384615384616
1 0.6670673076923077 0.3389423076923077 0.06009615384615385 0.11057692307692307
1 0.6286057692307693 0.3629807692307692 0.04326923076923077 0.09375