1 0.22956730769230768 0.27163461538461536 0.08653846153846154 0.14903846153846154
1 0.4567307692307692 0.24879807692307693 0.09375 0.1466346153846154
1 0.8978365384615384 0.36778846153846156 0.14182692307692307 0.18028846153846154
1 0.7680288461538461 0.359375 0.0889423076923077 0.14423076923076922
1 0.13221153846153846 0.2548076923076923 0.14182692307692307 0.21875
1 0.9807692307692307 0.35697115384615385 0.038461538461538464 0.1658653846153846
1 0.5612980769230769 0.3125 0.06971153846153846 0.12740384615384615
1 0.8473557692307693 0.3641826923076923 0.0889423076923077 0.13701923076923078
1 0.609375 0.34134615384615385 0.05048076923076923 0.09375
1 0.6862980769230769 0.3473557692307692 0.06490384615384616 0.11057692307692307
1 0.6478365384615384 0.36778846153846156 0.04807692307692308 0.09375