1 0.1814903846153846 0.3473557692307692 0.08653846153846154 0.14903846153846154
1 0.3942307692307692 0.2620192307692308 0.09375 0.1466346153846154
1 0.8521634615384616 0.2548076923076923 0.14182692307692307 0.18028846153846154
1 0.7259615384615384 0.2824519230769231 0.0889423076923077 0.14423076923076922
1 0.0829326923076923 0.3581730769230769 0.14182692307692307 0.21875
1 0.9423076923076923 0.21754807692307693 0.0673076923076923 0.1658653846153846
1 0.5132211538461539 0.29447115384615385 0.07211538461538461 0.12980769230769232
1 0.8016826923076923 0.265625 0.0889423076923077 0.13701923076923078
1 0.5673076923076923 0.31009615384615385 0.05048076923076923 0.09375
1 0.6418269230769231 0.29447115384615385 0.06490384615384616 0.11057692307692307
1 0.6117788461538461 0.32572115384615385 0.04807692307692308 0.09375