1 0.5420673076923077 0.06370192307692307 0.09375 0.125
1 0.9038461538461539 0.6129807692307693 0.15625 0.24759615384615385
1 0.38221153846153844 0.6478365384615384 0.15144230769230768 0.2548076923076923
1 0.140625 0.08173076923076923 0.0985576923076923 0.16346153846153846
1 0.15504807692307693 0.5012019230769231 0.13701923076923078 0.21634615384615385
1 0.046875 0.06009615384615385 0.08413461538461539 0.1201923076923077
1 0.6057692307692307 0.12740384615384615 0.09134615384615384 0.1778846153846154
1 0.1971153846153846 0.18509615384615385 0.11538461538461539 0.22355769230769232
1 0.7403846153846154 0.0625 0.10336538461538461 0.1201923076923077
1 0.9603365384615384 0.32572115384615385 0.07932692307692307 0.23317307692307693
1 0.3233173076923077 0.0985576923076923 0.10576923076923077 0.14423076923076922
1 0.90625 0.12620192307692307 0.1201923076923077 0.2403846153846154
1 0.19471153846153846 0.042067307692307696 0.11538461538461539 0.08413461538461539
1 0.2800480769230769 0.6478365384615384 0.11778846153846154 0.20192307692307693
1 0.7524038461538461 0.29086538461538464 0.13701923076923078 0.24278846153846154
1 0.5516826923076923 0.23076923076923078 0.11057692307692307 0.21875
1 0.3076923076923077 0.23918269230769232 0.12259615384615384 0.25961538461538464
1 0.4855769230769231 0.3088942307692308 0.11298076923076923 0.17067307692307693
1 0.19951923076923078 0.4483173076923077 0.1346153846153846 0.23317307692307693
0 0.49759615384615385 0.8689903846153846 0.14423076923076922 0.24278846153846154
0 0.9146634615384616 0.890625 0.13701923076923078 0.21875
0 0.040865384615384616 0.5432692307692307 0.08173076923076923 0.2644230769230769