1 0.796875 0.2932692307692308 0.1346153846153846 0.21153846153846154
1 0.9362980769230769 0.3641826923076923 0.08413461538461539 0.1346153846153846
1 0.48197115384615385 0.2956730769230769 0.06490384615384616 0.11538461538461539
1 0.6887019230769231 0.22115384615384615 0.14903846153846154 0.23798076923076922
1 0.2091346153846154 0.20552884615384615 0.10576923076923077 0.19230769230769232
1 0.6129807692307693 0.28966346153846156 0.08173076923076923 0.15144230769230768
1 0.4230769230769231 0.28725961538461536 0.06009615384615385 0.11538461538461539
1 0.3954326923076923 0.28846153846153844 0.0625 0.11298076923076923
1 0.9927884615384616 0.3858173076923077 0.014423076923076924 0.0889423076923077
1 0.10697115384615384 0.24639423076923078 0.21394230769230768 0.49278846153846156
1 0.3076923076923077 0.2776442307692308 0.04567307692307692 0.07692307692307693
1 0.34615384615384615 0.3004807692307692 0.04807692307692308 0.09134615384615384
1 0.5733173076923077 0.3088942307692308 0.055288461538461536 0.13942307692307693
1 0.5372596153846154 0.3449519230769231 0.0625 0.10817307692307693