1 0.24278846153846154 0.2439903846153846 0.11778846153846154 0.19951923076923078
1 0.09615384615384616 0.28365384615384615 0.07451923076923077 0.12740384615384615
1 0.5444711538461539 0.31009615384615385 0.057692307692307696 0.11057692307692307
1 0.36177884615384615 0.19591346153846154 0.13221153846153846 0.22596153846153846
1 0.8221153846153846 0.27884615384615385 0.09134615384615384 0.18269230769230768
1 0.4206730769230769 0.27884615384615385 0.06971153846153846 0.14423076923076922
1 0.6021634615384616 0.31490384615384615 0.05048076923076923 0.11057692307692307
1 0.6286057692307693 0.32091346153846156 0.052884615384615384 0.10817307692307693
1 0.026442307692307692 0.28966346153846156 0.03125 0.08413461538461539
1 0.9134615384615384 0.3233173076923077 0.17307692307692307 0.5168269230769231
1 0.7139423076923077 0.3293269230769231 0.040865384615384616 0.07211538461538461
1 0.6730769230769231 0.34375 0.04326923076923077 0.08653846153846154
1 0.4543269230769231 0.30408653846153844 0.04567307692307692 0.1346153846153846
1 0.4807692307692308 0.3473557692307692 0.052884615384615384 0.10336538461538461