1 0.17427884615384615 0.4026442307692308 0.057692307692307696 0.09375
1 0.3233173076923077 0.40384615384615385 0.038461538461538464 0.06971153846153846
1 0.5036057692307693 0.42427884615384615 0.055288461538461536 0.09375
0 0.7620192307692307 0.43990384615384615 0.05048076923076923 0.08653846153846154
0 0.6971153846153846 0.4411057692307692 0.05048076923076923 0.08653846153846154
0 0.5540865384615384 0.4338942307692308 0.04326923076923077 0.07451923076923077
0 0.26322115384615385 0.40384615384615385 0.04326923076923077 0.07211538461538461
0 0.20793269230769232 0.4338942307692308 0.036057692307692304 0.06490384615384616
0 0.35697115384615385 0.4230769230769231 0.03125 0.052884615384615384
1 0.44350961538461536 0.42788461538461536 0.04807692307692308 0.07451923076923077
1 0.6009615384615384 0.42788461538461536 0.04567307692307692 0.0889423076923077