1 0.06129807692307692 0.4182692307692308 0.12259615384615384 0.20673076923076922
1 0.18990384615384615 0.44711538461538464 0.10096153846153846 0.1466346153846154
1 0.5925480769230769 0.4855769230769231 0.07932692307692307 0.13942307692307693
1 0.39783653846153844 0.43028846153846156 0.07211538461538461 0.12259615384615384
1 0.7463942307692307 0.4963942307692308 0.055288461538461536 0.11298076923076923
1 0.6826923076923077 0.49759615384615385 0.05048076923076923 0.0985576923076923
1 0.5324519230769231 0.49399038461538464 0.05048076923076923 0.10096153846153846
1 0.4326923076923077 0.47716346153846156 0.038461538461538464 0.08173076923076923
1 0.8185096153846154 0.5108173076923077 0.05048076923076923 0.0889423076923077
1 0.9002403846153846 0.4891826923076923 0.04567307692307692 0.08413461538461539
1 0.3641826923076923 0.4807692307692308 0.04567307692307692 0.07211538461538461