1 0.29086538461538464 0.34975961538461536 0.07451923076923077 0.12259615384615384
1 0.2932692307692308 0.22716346153846154 0.06009615384615385 0.09375
1 0.4098557692307692 0.23076923076923078 0.06490384615384616 0.10336538461538461
1 0.40865384615384615 0.3762019230769231 0.07211538461538461 0.11778846153846154
1 0.5348557692307693 0.38100961538461536 0.07451923076923077 0.12980769230769232
1 0.6742788461538461 0.3762019230769231 0.07692307692307693 0.13942307692307693
1 0.7884615384615384 0.3942307692307692 0.07451923076923077 0.14182692307692307
1 0.5372596153846154 0.21634615384615385 0.057692307692307696 0.11057692307692307
1 0.6490384615384616 0.24519230769230768 0.0625 0.10336538461538461
1 0.7596153846153846 0.2776442307692308 0.0673076923076923 0.10576923076923077
1 0.8665865384615384 0.2920673076923077 0.06490384615384616 0.11538461538461539
1 0.9278846153846154 0.3713942307692308 0.0889423076923077 0.12740384615384615