1 0.2283653846153846 0.43149038461538464 0.08653846153846154 0.13221153846153846
1 0.19951923076923078 0.30528846153846156 0.0673076923076923 0.10096153846153846
1 0.31850961538461536 0.27884615384615385 0.07451923076923077 0.11057692307692307
1 0.3545673076923077 0.42788461538461536 0.08173076923076923 0.125
1 0.4831730769230769 0.40024038461538464 0.08653846153846154 0.13942307692307693
1 0.6225961538461539 0.3605769230769231 0.09134615384615384 0.14903846153846154
1 0.7451923076923077 0.34975961538461536 0.08653846153846154 0.15144230769230768
1 0.44471153846153844 0.23317307692307693 0.0673076923076923 0.11778846153846154
1 0.5661057692307693 0.23317307692307693 0.07211538461538461 0.11057692307692307
1 0.6850961538461539 0.23918269230769232 0.07692307692307693 0.11538461538461539
1 0.7980769230769231 0.22596153846153846 0.07692307692307693 0.125
1 0.8810096153846154 0.28966346153846156 0.10096153846153846 0.13701923076923078