1 0.9555288461538461 0.3605769230769231 0.0889423076923077 0.24519230769230768
1 0.7776442307692307 0.3858173076923077 0.14182692307692307 0.22355769230769232
1 0.29447115384615385 0.59375 0.0889423076923077 0.14182692307692307
0 0.22956730769230768 0.2980769230769231 0.10336538461538461 0.17548076923076922
0 0.4182692307692308 0.3161057692307692 0.11057692307692307 0.18509615384615385
0 0.6141826923076923 0.33052884615384615 0.10817307692307693 0.1875
0 0.546875 0.3557692307692308 0.09375 0.17307692307692307
0 0.057692307692307696 0.2860576923076923 0.08653846153846154 0.19471153846153846
0 0.18870192307692307 0.36177884615384615 0.06490384615384616 0.125
1 0.7944711538461539 0.71875 0.08413461538461539 0.14903846153846154
0 0.921875 0.4266826923076923 0.09375 0.18990384615384615