1 0.06610576923076923 0.3641826923076923 0.12740384615384615 0.19471153846153846
1 0.1875 0.3942307692307692 0.09615384615384616 0.13701923076923078
1 0.5552884615384616 0.4411057692307692 0.07692307692307693 0.12980769230769232
1 0.3762019230769231 0.38461538461538464 0.06971153846153846 0.11538461538461539
1 0.6959134615384616 0.4567307692307692 0.052884615384615384 0.10336538461538461
1 0.6370192307692307 0.45552884615384615 0.05048076923076923 0.09134615384615384
1 0.4987980769230769 0.4483173076923077 0.05048076923076923 0.09615384615384616
1 0.4074519230769231 0.42788461538461536 0.038461538461538464 0.07451923076923077
1 0.7608173076923077 0.4723557692307692 0.05048076923076923 0.08173076923076923
1 0.8353365384615384 0.4543269230769231 0.04326923076923077 0.07932692307692307
1 0.3449519230769231 0.42908653846153844 0.04326923076923077 0.0673076923076923