1 0.43990384615384615 0.6742788461538461 0.057692307692307696 0.0673076923076923
1 0.7836538461538461 0.11538461538461539 0.04807692307692308 0.0625
1 0.5456730769230769 0.15504807692307693 0.04807692307692308 0.08173076923076923
1 0.6935096153846154 0.6754807692307693 0.052884615384615384 0.0625
1 0.48197115384615385 0.37740384615384615 0.04807692307692308 0.057692307692307696
0 0.7932692307692307 0.6370192307692307 0.04567307692307692 0.0625
0 0.9459134615384616 0.6045673076923077 0.03365384615384615 0.040865384615384616
0 0.28125 0.7764423076923077 0.07211538461538461 0.07211538461538461
0 0.09134615384615384 0.8918269230769231 0.06971153846153846 0.07211538461538461
0 0.019230769230769232 0.8894230769230769 0.038461538461538464 0.10576923076923077
0 0.7379807692307693 0.6766826923076923 0.03365384615384615 0.04326923076923077