1 0.4098557692307692 0.6454326923076923 0.057692307692307696 0.0673076923076923
1 0.7223557692307693 0.09134615384615384 0.04807692307692308 0.0625
1 0.49278846153846156 0.13822115384615385 0.04807692307692308 0.08173076923076923
1 0.6538461538461539 0.6382211538461539 0.055288461538461536 0.06009615384615385
1 0.43990384615384615 0.3557692307692308 0.05048076923076923 0.057692307692307696
0 0.75 0.5973557692307693 0.04567307692307692 0.06009615384615385
0 0.8954326923076923 0.5600961538461539 0.036057692307692304 0.040865384615384616
0 0.25961538461538464 0.75 0.07211538461538461 0.07211538461538461
0 0.07932692307692307 0.8677884615384616 0.06971153846153846 0.07211538461538461
0 0.019230769230769232 0.8689903846153846 0.016826923076923076 0.10336538461538461
0 0.6971153846153846 0.6370192307692307 0.036057692307692304 0.04326923076923077