1 0.24158653846153846 0.34375 0.06971153846153846 0.125
1 0.22956730769230768 0.21394230769230768 0.057692307692307696 0.09615384615384616
1 0.35336538461538464 0.203125 0.06009615384615385 0.10576923076923077
1 0.36778846153846156 0.3581730769230769 0.0673076923076923 0.1201923076923077
1 0.5012019230769231 0.3485576923076923 0.06971153846153846 0.13221153846153846
1 0.6478365384615384 0.328125 0.07451923076923077 0.14423076923076922
1 0.7704326923076923 0.33413461538461536 0.06971153846153846 0.14423076923076922
1 0.4855769230769231 0.17427884615384615 0.055288461538461536 0.11298076923076923
1 0.6069711538461539 0.19110576923076922 0.06009615384615385 0.10576923076923077
1 0.7259615384615384 0.21514423076923078 0.0625 0.10817307692307693
1 0.8425480769230769 0.21754807692307693 0.06009615384615385 0.1201923076923077
1 0.9146634615384616 0.2932692307692308 0.08653846153846154 0.12980769230769232