1 0.7884615384615384 0.6971153846153846 0.057692307692307696 0.0889423076923077
1 0.7439903846153846 0.7043269230769231 0.04807692307692308 0.0889423076923077
1 0.6334134615384616 0.7307692307692307 0.052884615384615384 0.07932692307692307
1 0.6682692307692307 0.6971153846153846 0.028846153846153848 0.057692307692307696
1 0.5 0.8389423076923077 0.04807692307692308 0.06490384615384616
1 0.41346153846153844 0.6778846153846154 0.052884615384615384 0.0625
1 0.2956730769230769 0.6959134615384616 0.03365384615384615 0.0673076923076923
1 0.2704326923076923 0.7848557692307693 0.04567307692307692 0.057692307692307696
1 0.24759615384615385 0.703125 0.026442307692307692 0.05048076923076923
1 0.18509615384615385 0.7367788461538461 0.040865384615384616 0.0625
1 0.23076923076923078 0.8365384615384616 0.03365384615384615 0.04807692307692308