1 0.039663461538461536 0.44350961538461536 0.07932692307692307 0.1466346153846154
1 0.09375 0.35697115384615385 0.06971153846153846 0.12259615384615384
1 0.16706730769230768 0.4074519230769231 0.07932692307692307 0.13942307692307693
1 0.3605769230769231 0.39663461538461536 0.0889423076923077 0.15625
1 0.12980769230769232 0.2824519230769231 0.07211538461538461 0.10817307692307693
1 0.16346153846153846 0.21875 0.07211538461538461 0.10096153846153846
1 0.23197115384615385 0.20432692307692307 0.06490384615384616 0.10817307692307693
1 0.4050480769230769 0.13701923076923078 0.06490384615384616 0.10096153846153846
1 0.44711538461538464 0.23557692307692307 0.06971153846153846 0.1346153846153846
1 0.4831730769230769 0.3545673076923077 0.07692307692307693 0.13942307692307693
1 0.5480769230769231 0.40625 0.09134615384615384 0.15625
1 0.5180288461538461 0.15625 0.07211538461538461 0.125
1 0.7283653846153846 0.34975961538461536 0.07932692307692307 0.12980769230769232
1 0.6730769230769231 0.26802884615384615 0.07211538461538461 0.11298076923076923
1 0.9002403846153846 0.375 0.11057692307692307 0.17548076923076922