0 0.24158653846153846 0.20793269230769232 0.06971153846153846 0.12740384615384615
0 0.3245192307692308 0.21875 0.06009615384615385 0.1201923076923077
0 0.1466346153846154 0.20192307692307693 0.06490384615384616 0.18269230769230768
0 0.6382211538461539 0.234375 0.06009615384615385 0.10096153846153846
0 0.08653846153846154 0.19110576923076922 0.06009615384615385 0.17548076923076922
0 0.40384615384615385 0.24519230769230768 0.028846153846153848 0.07932692307692307
0 0.042067307692307696 0.17668269230769232 0.07932692307692307 0.35336538461538464
0 0.3701923076923077 0.25841346153846156 0.03365384615384615 0.08173076923076923
0 0.5180288461538461 0.2536057692307692 0.05048076923076923 0.10336538461538461
0 0.4807692307692308 0.23918269230769232 0.036057692307692304 0.09375
0 0.5745192307692307 0.23317307692307693 0.03125 0.07451923076923077
0 0.7475961538461539 0.27403846153846156 0.03125 0.06490384615384616
0 0.7247596153846154 0.25721153846153844 0.028846153846153848 0.07932692307692307