1 0.17067307692307693 0.6069711538461539 0.0625 0.08653846153846154
1 0.21033653846153846 0.6201923076923077 0.055288461538461536 0.08653846153846154
1 0.3076923076923077 0.6622596153846154 0.057692307692307696 0.07692307692307693
1 0.27884615384615385 0.6262019230769231 0.03365384615384615 0.055288461538461536
1 0.4098557692307692 0.78125 0.052884615384615384 0.06490384615384616
1 0.515625 0.6502403846153846 0.055288461538461536 0.0625
1 0.6189903846153846 0.6838942307692307 0.040865384615384616 0.06490384615384616
1 0.6274038461538461 0.7680288461538461 0.04807692307692308 0.057692307692307696
1 0.6622596153846154 0.6995192307692307 0.03125 0.05048076923076923
1 0.7127403846153846 0.7391826923076923 0.04567307692307692 0.06009615384615385
1 0.65625 0.8221153846153846 0.038461538461538464 0.04807692307692308