1 0.9158653846153846 0.4651442307692308 0.08173076923076923 0.13701923076923078
1 0.8545673076923077 0.38341346153846156 0.06009615384615385 0.11298076923076923
1 0.7872596153846154 0.43509615384615385 0.06971153846153846 0.12980769230769232
1 0.6033653846153846 0.4338942307692308 0.07692307692307693 0.14423076923076922
1 0.8161057692307693 0.3161057692307692 0.06490384615384616 0.10096153846153846
1 0.7824519230769231 0.25600961538461536 0.0625 0.09375
1 0.7163461538461539 0.24639423076923078 0.057692307692307696 0.10096153846153846
1 0.5492788461538461 0.19110576923076922 0.057692307692307696 0.09375
1 0.5144230769230769 0.2860576923076923 0.06009615384615385 0.12740384615384615
1 0.484375 0.40024038461538464 0.0673076923076923 0.12980769230769232
1 0.4266826923076923 0.453125 0.07932692307692307 0.14423076923076922
1 0.4423076923076923 0.21514423076923078 0.0625 0.11778846153846154
1 0.25240384615384615 0.40865384615384615 0.06971153846153846 0.1201923076923077
1 0.3016826923076923 0.328125 0.0625 0.10336538461538461
1 0.09014423076923077 0.43990384615384615 0.09615384615384616 0.16346153846153846