1 0.8233173076923077 0.7692307692307693 0.08413461538461539 0.13221153846153846
1 0.5841346153846154 0.6694711538461539 0.0673076923076923 0.1201923076923077
1 0.1935096153846154 0.6274038461538461 0.057692307692307696 0.09615384615384616
1 0.9471153846153846 0.7103365384615384 0.0625 0.10336538461538461
1 0.10817307692307693 0.6141826923076923 0.06009615384615385 0.10817307692307693
1 0.0673076923076923 0.6286057692307693 0.07692307692307693 0.125
1 0.47836538461538464 0.6706730769230769 0.06490384615384616 0.10336538461538461
1 0.7548076923076923 0.6971153846153846 0.057692307692307696 0.0985576923076923
1 0.796875 0.7091346153846154 0.040865384615384616 0.08173076923076923
1 0.41225961538461536 0.65625 0.03125 0.057692307692307696
1 0.5204326923076923 0.6694711538461539 0.036057692307692304 0.0625
1 0.4423076923076923 0.6706730769230769 0.028846153846153848 0.057692307692307696