1 0.9014423076923077 0.30408653846153844 0.10817307692307693 0.18990384615384615
1 0.04927884615384615 0.27283653846153844 0.0985576923076923 0.24278846153846154
1 0.0985576923076923 0.43990384615384615 0.0889423076923077 0.14182692307692307
1 0.18990384615384615 0.47475961538461536 0.0673076923076923 0.11778846153846154
1 0.47716346153846156 0.43990384615384615 0.05048076923076923 0.08653846153846154
1 0.6826923076923077 0.42908653846153844 0.040865384615384616 0.07692307692307693
1 0.8293269230769231 0.4362980769230769 0.055288461538461536 0.11298076923076923
1 0.2800480769230769 0.4675480769230769 0.038461538461538464 0.07692307692307693
1 0.6286057692307693 0.4495192307692308 0.05048076923076923 0.07932692307692307
1 0.8846153846153846 0.4026442307692308 0.06009615384615385 0.12980769230769232
1 0.4338942307692308 0.5216346153846154 0.040865384615384616 0.0625
1 0.22956730769230768 0.5012019230769231 0.04807692307692308 0.07932692307692307