1 0.18990384615384615 0.6201923076923077 0.057692307692307696 0.08653846153846154
1 0.23076923076923078 0.6298076923076923 0.05048076923076923 0.08413461538461539
1 0.33052884615384615 0.6658653846153846 0.055288461538461536 0.07692307692307693
1 0.3004807692307692 0.6322115384615384 0.03125 0.055288461538461536
1 0.44350961538461536 0.7788461538461539 0.04807692307692308 0.0625
1 0.5384615384615384 0.6382211538461539 0.052884615384615384 0.06009615384615385
1 0.6454326923076923 0.6658653846153846 0.036057692307692304 0.06490384615384616
1 0.6598557692307693 0.75 0.04567307692307692 0.055288461538461536
1 0.6899038461538461 0.6778846153846154 0.028846153846153848 0.04807692307692308
1 0.7439903846153846 0.7151442307692307 0.040865384615384616 0.06009615384615385
1 0.6923076923076923 0.8028846153846154 0.036057692307692304 0.04567307692307692