1 0.890625 0.49278846153846156 0.08653846153846154 0.13701923076923078
1 0.8329326923076923 0.4110576923076923 0.0625 0.11298076923076923
1 0.7644230769230769 0.46033653846153844 0.07211538461538461 0.12980769230769232
1 0.5829326923076923 0.4519230769230769 0.07932692307692307 0.1466346153846154
1 0.796875 0.3425480769230769 0.06490384615384616 0.10096153846153846
1 0.765625 0.28365384615384615 0.06490384615384616 0.09375
1 0.6995192307692307 0.27163461538461536 0.06009615384615385 0.10096153846153846
1 0.5360576923076923 0.21033653846153846 0.06009615384615385 0.09375
1 0.4987980769230769 0.30408653846153844 0.0625 0.125
1 0.46634615384615385 0.41466346153846156 0.06971153846153846 0.12980769230769232
1 0.4074519230769231 0.4651442307692308 0.08173076923076923 0.1466346153846154
1 0.43028846153846156 0.23076923076923078 0.0673076923076923 0.11778846153846154
1 0.23677884615384615 0.41586538461538464 0.07211538461538461 0.1201923076923077
1 0.28846153846153844 0.33653846153846156 0.06490384615384616 0.10336538461538461
1 0.07572115384615384 0.4411057692307692 0.10096153846153846 0.16346153846153846