1 0.11538461538461539 0.6814903846153846 0.07932692307692307 0.13221153846153846
1 0.3762019230769231 0.6466346153846154 0.0625 0.1201923076923077
1 0.765625 0.7091346153846154 0.052884615384615384 0.09615384615384616
1 0.020432692307692308 0.5913461538461539 0.040865384615384616 0.10096153846153846
1 0.8533653846153846 0.71875 0.055288461538461536 0.10817307692307693
1 0.8894230769230769 0.7415865384615384 0.07451923076923077 0.125
1 0.47836538461538464 0.6754807692307693 0.06009615384615385 0.10096153846153846
1 0.20192307692307693 0.6298076923076923 0.055288461538461536 0.0985576923076923
1 0.15865384615384615 0.6298076923076923 0.038461538461538464 0.08173076923076923
1 0.546875 0.6802884615384616 0.028846153846153848 0.057692307692307696
1 0.4375 0.6634615384615384 0.03365384615384615 0.06009615384615385
1 0.5132211538461539 0.6850961538461539 0.026442307692307692 0.057692307692307696