1 0.052884615384615384 0.3449519230769231 0.10576923076923077 0.18990384615384615
1 0.8894230769230769 0.15384615384615385 0.15865384615384615 0.24519230769230768
1 0.8497596153846154 0.328125 0.09375 0.14182692307692307
1 0.7668269230769231 0.3786057692307692 0.07211538461538461 0.11778846153846154
1 0.4831730769230769 0.39783653846153844 0.052884615384615384 0.08653846153846154
1 0.28365384615384615 0.4254807692307692 0.04326923076923077 0.07932692307692307
1 0.14423076923076922 0.46033653846153844 0.06009615384615385 0.11298076923076923
1 0.6790865384615384 0.3870192307692308 0.040865384615384616 0.07932692307692307
1 0.3401442307692308 0.4362980769230769 0.052884615384615384 0.07932692307692307
1 0.0829326923076923 0.43990384615384615 0.06490384615384616 0.12980769230769232
1 0.5408653846153846 0.46875 0.04326923076923077 0.0625
1 0.734375 0.4110576923076923 0.05048076923076923 0.07932692307692307