0 0.7944711538461539 0.2247596153846154 0.07211538461538461 0.125
0 0.7163461538461539 0.2283653846153846 0.06490384615384616 0.11778846153846154
0 0.8834134615384616 0.2283653846153846 0.07451923076923077 0.17548076923076922
0 0.4230769230769231 0.21033653846153846 0.0625 0.0985576923076923
0 0.9399038461538461 0.2247596153846154 0.0673076923076923 0.17067307692307693
0 0.6394230769230769 0.2439903846153846 0.03365384615384615 0.07451923076923077
0 0.9675480769230769 0.21153846153846154 0.06490384615384616 0.34615384615384615
0 0.6694711538461539 0.2608173076923077 0.036057692307692304 0.07932692307692307
0 0.5324519230769231 0.24158653846153846 0.052884615384615384 0.10096153846153846
0 0.5685096153846154 0.23076923076923078 0.040865384615384616 0.09134615384615384
0 0.48197115384615385 0.21634615384615385 0.036057692307692304 0.07211538461538461
0 0.31490384615384615 0.23798076923076922 0.03365384615384615 0.0625
0 0.3389423076923077 0.22355769230769232 0.03365384615384615 0.07451923076923077