1 0.8209134615384616 0.20072115384615385 0.1201923076923077 0.1971153846153846
1 0.03245192307692308 0.3954326923076923 0.06490384615384616 0.1466346153846154
1 0.11057692307692307 0.42427884615384615 0.07451923076923077 0.12259615384615384
1 0.40024038461538464 0.36899038461538464 0.055288461538461536 0.0889423076923077
1 0.6069711538461539 0.3425480769230769 0.04567307692307692 0.08173076923076923
1 0.7548076923076923 0.3389423076923077 0.06490384615384616 0.11778846153846154
1 0.20072115384615385 0.4110576923076923 0.04326923076923077 0.08173076923076923
1 0.5540865384615384 0.36778846153846156 0.055288461538461536 0.08413461538461539
1 0.8112980769230769 0.30288461538461536 0.06971153846153846 0.1346153846153846
1 0.36177884615384615 0.45552884615384615 0.04567307692307692 0.06490384615384616
1 0.15144230769230768 0.4483173076923077 0.052884615384615384 0.08413461538461539