1 0.9290865384615384 0.6766826923076923 0.09134615384615384 0.14182692307692307
1 0.6526442307692307 0.6538461538461539 0.07211538461538461 0.12980769230769232
1 0.2403846153846154 0.7415865384615384 0.0625 0.10336538461538461
1 0.14903846153846154 0.7560096153846154 0.06490384615384616 0.11778846153846154
1 0.11057692307692307 0.7836538461538461 0.08413461538461539 0.1346153846153846
1 0.5444711538461539 0.6899038461538461 0.06971153846153846 0.11057692307692307
1 0.8353365384615384 0.6262019230769231 0.0625 0.10817307692307693
1 0.8822115384615384 0.6237980769230769 0.04567307692307692 0.0889423076923077
1 0.47115384615384615 0.6983173076923077 0.036057692307692304 0.0625
1 0.5877403846153846 0.6742788461538461 0.038461538461538464 0.06490384615384616
1 0.5072115384615384 0.7019230769230769 0.03125 0.0625