1 0.15985576923076922 0.27524038461538464 0.17307692307692307 0.2932692307692308
1 0.671875 0.3798076923076923 0.06971153846153846 0.12259615384615384
1 0.5204326923076923 0.32091346153846156 0.09615384615384616 0.17548076923076922
1 0.3557692307692308 0.37740384615384615 0.13942307692307693 0.23317307692307693
1 0.5300480769230769 0.4182692307692308 0.07211538461538461 0.12259615384615384
1 0.7103365384615384 0.43990384615384615 0.0625 0.09134615384615384
1 0.7415865384615384 0.4254807692307692 0.04807692307692308 0.09134615384615384
1 0.7776442307692307 0.4375 0.06009615384615385 0.10096153846153846
1 0.8269230769230769 0.421875 0.040865384615384616 0.0673076923076923
1 0.8641826923076923 0.44591346153846156 0.04807692307692308 0.07451923076923077
1 0.21995192307692307 0.34975961538461536 0.07451923076923077 0.11538461538461539