1 0.20192307692307693 0.2764423076923077 0.0889423076923077 0.12740384615384615
1 0.9675480769230769 0.2932692307692308 0.06490384615384616 0.1346153846153846
1 0.6911057692307693 0.2824519230769231 0.09134615384615384 0.14903846153846154
1 0.29927884615384615 0.2776442307692308 0.08173076923076923 0.1346153846153846
1 0.46033653846153844 0.31971153846153844 0.09134615384615384 0.125
1 0.39663461538461536 0.5949519230769231 0.0673076923076923 0.15144230769230768
1 0.9050480769230769 0.3894230769230769 0.06971153846153846 0.11298076923076923
1 0.13221153846153846 0.296875 0.07211538461538461 0.1201923076923077
1 0.07451923076923077 0.2800480769230769 0.06009615384615385 0.10336538461538461
1 0.3701923076923077 0.390625 0.11057692307692307 0.20192307692307693
1 0.5396634615384616 0.4170673076923077 0.06490384615384616 0.10336538461538461
1 0.5408653846153846 0.33533653846153844 0.052884615384615384 0.09375