1 0.7908653846153846 0.46634615384615385 0.07211538461538461 0.11298076923076923
1 0.3425480769230769 0.5360576923076923 0.052884615384615384 0.09134615384615384
1 0.014423076923076924 0.4807692307692308 0.028846153846153848 0.057692307692307696
1 0.028846153846153848 0.43509615384615385 0.036057692307692304 0.052884615384615384
1 0.07572115384615384 0.4675480769230769 0.04807692307692308 0.057692307692307696
1 0.23918269230769232 0.49158653846153844 0.055288461538461536 0.07451923076923077
1 0.5168269230769231 0.49038461538461536 0.0625 0.09134615384615384
1 0.6346153846153846 0.4254807692307692 0.055288461538461536 0.07692307692307693
1 0.8737980769230769 0.40865384615384615 0.07692307692307693 0.10096153846153846
1 0.22596153846153846 0.36778846153846156 0.040865384615384616 0.07211538461538461
1 0.4807692307692308 0.41947115384615385 0.04807692307692308 0.07692307692307693
1 0.6754807692307693 0.5192307692307693 0.08173076923076923 0.12259615384615384
1 0.10697115384615384 0.4110576923076923 0.04807692307692308 0.0625