1 0.11298076923076923 0.3581730769230769 0.21394230769230768 0.3173076923076923
1 0.6430288461538461 0.3545673076923077 0.0889423076923077 0.1346153846153846
1 0.4807692307692308 0.328125 0.1201923076923077 0.1875
1 0.328125 0.41947115384615385 0.17307692307692307 0.25240384615384615
1 0.5108173076923077 0.421875 0.0889423076923077 0.1346153846153846
1 0.6935096153846154 0.40625 0.07692307692307693 0.10096153846153846
1 0.7223557692307693 0.38461538461538464 0.0625 0.0985576923076923
1 0.7596153846153846 0.3894230769230769 0.07692307692307693 0.11057692307692307
1 0.8064903846153846 0.3629807692307692 0.052884615384615384 0.07451923076923077
1 0.8485576923076923 0.3786057692307692 0.057692307692307696 0.07932692307692307
1 0.1875 0.41947115384615385 0.0889423076923077 0.125