1 0.8197115384615384 0.5480769230769231 0.07211538461538461 0.10096153846153846
1 0.49759615384615385 0.5516826923076923 0.036057692307692304 0.055288461538461536
1 0.6141826923076923 0.5456730769230769 0.04567307692307692 0.057692307692307696
1 0.43990384615384615 0.5997596153846154 0.036057692307692304 0.055288461538461536
1 0.5600961538461539 0.5889423076923077 0.040865384615384616 0.04326923076923077
1 0.34134615384615385 0.5793269230769231 0.04567307692307692 0.07451923076923077
1 0.37740384615384615 0.5925480769230769 0.04807692307692308 0.07451923076923077
1 0.21634615384615385 0.6057692307692307 0.04807692307692308 0.07692307692307693
1 0.09975961538461539 0.6237980769230769 0.04807692307692308 0.07451923076923077
1 0.054086538461538464 0.6189903846153846 0.052884615384615384 0.07932692307692307
1 0.2512019230769231 0.5961538461538461 0.05048076923076923 0.07692307692307693
1 0.27524038461538464 0.5985576923076923 0.038461538461538464 0.06490384615384616
1 0.16105769230769232 0.6057692307692307 0.038461538461538464 0.06971153846153846
1 0.14423076923076922 0.6262019230769231 0.028846153846153848 0.06009615384615385
1 0.1875 0.5913461538461539 0.040865384615384616 0.06490384615384616
1 0.2920673076923077 0.59375 0.028846153846153848 0.052884615384615384
1 0.4723557692307692 0.5685096153846154 0.036057692307692304 0.04807692307692308