1 0.8209134615384616 0.2956730769230769 0.08413461538461539 0.125
1 0.06370192307692307 0.2980769230769231 0.07211538461538461 0.12980769230769232
1 0.34134615384615385 0.2932692307692308 0.08653846153846154 0.1466346153846154
1 0.7259615384615384 0.2956730769230769 0.07932692307692307 0.12980769230769232
1 0.5661057692307693 0.3329326923076923 0.08653846153846154 0.1201923076923077
1 0.6237980769230769 0.6033653846153846 0.06490384615384616 0.1466346153846154
1 0.12980769230769232 0.3942307692307692 0.06490384615384616 0.10817307692307693
1 0.8882211538461539 0.3161057692307692 0.06971153846153846 0.11538461538461539
1 0.9447115384615384 0.3016826923076923 0.057692307692307696 0.10096153846153846
1 0.6550480769230769 0.4050480769230769 0.10336538461538461 0.1971153846153846
1 0.4879807692307692 0.42788461538461536 0.06009615384615385 0.10096153846153846
1 0.48677884615384615 0.3473557692307692 0.05048076923076923 0.09375