1 0.9855769230769231 0.41586538461538464 0.028846153846153848 0.13942307692307693
1 0.49399038461538464 0.3245192307692308 0.07211538461538461 0.14903846153846154
1 0.8028846153846154 0.38221153846153844 0.07211538461538461 0.125
1 0.0829326923076923 0.2692307692307692 0.09134615384615384 0.15144230769230768
1 0.328125 0.2764423076923077 0.07932692307692307 0.14182692307692307
1 0.24639423076923078 0.3161057692307692 0.0673076923076923 0.125
1 0.9086538461538461 0.38822115384615385 0.0673076923076923 0.12259615384615384
1 0.19230769230769232 0.30408653846153844 0.0625 0.1201923076923077
1 0.6009615384615384 0.34375 0.08173076923076923 0.12980769230769232
1 0.7427884615384616 0.3629807692307692 0.0625 0.11538461538461539
1 0.5528846153846154 0.3317307692307692 0.04807692307692308 0.125
1 0.3629807692307692 0.3389423076923077 0.040865384615384616 0.07692307692307693
1 0.03365384615384615 0.30528846153846156 0.05048076923076923 0.11778846153846154
1 0.39302884615384615 0.3557692307692308 0.036057692307692304 0.07211538461538461