1 0.8365384615384616 0.5528846153846154 0.06971153846153846 0.10096153846153846
1 0.5204326923076923 0.5504807692307693 0.036057692307692304 0.052884615384615384
1 0.6334134615384616 0.5456730769230769 0.04567307692307692 0.057692307692307696
1 0.46033653846153844 0.5961538461538461 0.036057692307692304 0.052884615384615384
1 0.5793269230769231 0.5877403846153846 0.040865384615384616 0.04326923076923077
1 0.36538461538461536 0.5745192307692307 0.04326923076923077 0.07211538461538461
1 0.40024038461538464 0.5877403846153846 0.04567307692307692 0.07211538461538461
1 0.24158653846153846 0.5997596153846154 0.04567307692307692 0.07451923076923077
1 0.12620192307692307 0.6153846153846154 0.04807692307692308 0.07211538461538461
1 0.08173076923076923 0.609375 0.05048076923076923 0.07692307692307693
1 0.27524038461538464 0.5901442307692307 0.05048076923076923 0.07692307692307693
1 0.3004807692307692 0.5925480769230769 0.038461538461538464 0.0625
1 0.1875 0.5985576923076923 0.036057692307692304 0.0673076923076923
1 0.17067307692307693 0.6177884615384616 0.028846153846153848 0.057692307692307696
1 0.02403846153846154 0.6334134615384616 0.02403846153846154 0.04807692307692308
1 0.21394230769230768 0.5841346153846154 0.040865384615384616 0.0625
1 0.3173076923076923 0.5889423076923077 0.026442307692307692 0.05048076923076923
1 0.49399038461538464 0.5673076923076923 0.036057692307692304 0.04807692307692308