1 0.016826923076923076 0.39783653846153844 0.03125 0.1346153846153846
1 0.4987980769230769 0.38341346153846156 0.07211538461538461 0.14423076923076922
1 0.19591346153846154 0.3918269230769231 0.07211538461538461 0.12259615384615384
1 0.9002403846153846 0.39302884615384615 0.0889423076923077 0.1466346153846154
1 0.6646634615384616 0.3629807692307692 0.07932692307692307 0.13942307692307693
1 0.7367788461538461 0.41225961538461536 0.06971153846153846 0.12259615384615384
1 0.09375 0.38100961538461536 0.06971153846153846 0.11778846153846154
1 0.7908653846153846 0.40865384615384615 0.0625 0.11778846153846154
1 0.3954326923076923 0.38461538461538464 0.07932692307692307 0.12740384615384615
1 0.25600961538461536 0.38221153846153844 0.06009615384615385 0.11298076923076923
1 0.4423076923076923 0.3798076923076923 0.04807692307692308 0.1201923076923077
1 0.6225961538461539 0.41586538461538464 0.040865384615384616 0.07451923076923077
1 0.9435096153846154 0.4338942307692308 0.055288461538461536 0.11298076923076923
1 0.5913461538461539 0.4266826923076923 0.036057692307692304 0.06971153846153846