1 0.8161057692307693 0.609375 0.06971153846153846 0.10576923076923077
1 0.49278846153846156 0.5120192307692307 0.038461538461538464 0.055288461538461536
1 0.609375 0.5408653846153846 0.04567307692307692 0.06009615384615385
1 0.4170673076923077 0.5432692307692307 0.038461538461538464 0.055288461538461536
1 0.5408653846153846 0.5685096153846154 0.040865384615384616 0.04326923076923077
1 0.32572115384615385 0.49158653846153844 0.04326923076923077 0.07692307692307693
1 0.35697115384615385 0.5168269230769231 0.04567307692307692 0.07692307692307693
1 0.19110576923076922 0.4807692307692308 0.04567307692307692 0.07932692307692307
1 0.0673076923076923 0.4639423076923077 0.04807692307692308 0.07692307692307693
1 0.025240384615384616 0.43990384615384615 0.05048076923076923 0.08173076923076923
1 0.2283653846153846 0.4807692307692308 0.05048076923076923 0.07932692307692307
1 0.25240384615384615 0.49158653846153844 0.038461538461538464 0.06490384615384616
1 0.1346153846153846 0.4639423076923077 0.036057692307692304 0.07211538461538461
1 0.11177884615384616 0.47836538461538464 0.028846153846153848 0.0625
1 0.16706730769230768 0.4579326923076923 0.040865384615384616 0.06490384615384616
1 0.2704326923076923 0.49278846153846156 0.026442307692307692 0.055288461538461536
1 0.46033653846153844 0.5216346153846154 0.036057692307692304 0.05048076923076923