1 0.13701923076923078 0.23076923076923078 0.13942307692307693 0.25240384615384615
0 0.04447115384615385 0.32091346153846156 0.08413461538461539 0.14423076923076922
0 0.23677884615384615 0.29927884615384615 0.10576923076923077 0.16346153846153846
0 0.3858173076923077 0.27884615384615385 0.08653846153846154 0.15144230769230768
0 0.5504807692307693 0.32572115384615385 0.06490384615384616 0.12259615384615384
0 0.5829326923076923 0.3485576923076923 0.038461538461538464 0.08173076923076923
0 0.671875 0.3112980769230769 0.06009615384615385 0.12259615384615384
0 0.7103365384615384 0.34134615384615385 0.04807692307692308 0.08173076923076923
0 0.8125 0.30649038461538464 0.06009615384615385 0.11298076923076923
0 0.8413461538461539 0.3233173076923077 0.04326923076923077 0.08653846153846154
0 0.8677884615384616 0.36177884615384615 0.038461538461538464 0.07451923076923077
0 0.9375 0.35697115384615385 0.036057692307692304 0.052884615384615384
0 0.984375 0.38822115384615385 0.03125 0.04326923076923077