1 0.8581730769230769 0.17307692307692307 0.17067307692307693 0.2620192307692308
0 0.9423076923076923 0.24759615384615385 0.0673076923076923 0.14182692307692307
0 0.7740384615384616 0.25240384615384615 0.125 0.17067307692307693
0 0.6298076923076923 0.25600961538461536 0.10576923076923077 0.15625
0 0.4795673076923077 0.32572115384615385 0.07932692307692307 0.125
0 0.4519230769230769 0.35216346153846156 0.04807692307692308 0.08413461538461539
0 0.3605769230769231 0.3293269230769231 0.07451923076923077 0.125
0 0.33052884615384615 0.3641826923076923 0.055288461538461536 0.08413461538461539
0 0.22716346153846154 0.34615384615384615 0.07451923076923077 0.11538461538461539
0 0.20192307692307693 0.36538461538461536 0.052884615384615384 0.0889423076923077
0 0.18389423076923078 0.40625 0.04567307692307692 0.07451923076923077
0 0.11658653846153846 0.41346153846153844 0.040865384615384616 0.055288461538461536
0 0.0733173076923077 0.45072115384615385 0.04326923076923077 0.04807692307692308