1 0.13701923076923078 0.21153846153846154 0.13701923076923078 0.23798076923076922
0 0.04807692307692308 0.2932692307692308 0.08173076923076923 0.1346153846153846
0 0.22716346153846154 0.27884615384615385 0.10336538461538461 0.15384615384615385
0 0.36658653846153844 0.2644230769230769 0.08653846153846154 0.14423076923076922
0 0.5168269230769231 0.3137019230769231 0.06490384615384616 0.11538461538461539
0 0.5480769230769231 0.33533653846153844 0.038461538461538464 0.07692307692307693
0 0.6322115384615384 0.30408653846153844 0.06009615384615385 0.11538461538461539
0 0.6658653846153846 0.3329326923076923 0.04567307692307692 0.07692307692307693
0 0.7620192307692307 0.30528846153846156 0.06009615384615385 0.10576923076923077
0 0.7884615384615384 0.32091346153846156 0.04326923076923077 0.08173076923076923
0 0.8112980769230769 0.35697115384615385 0.036057692307692304 0.06971153846153846
0 0.8762019230769231 0.3557692307692308 0.036057692307692304 0.05048076923076923
0 0.9230769230769231 0.3858173076923077 0.036057692307692304 0.040865384615384616