1 0.7163461538461539 0.4423076923076923 0.052884615384615384 0.06490384615384616
1 0.6237980769230769 0.47716346153846156 0.057692307692307696 0.0673076923076923
1 0.4795673076923077 0.39663461538461536 0.05048076923076923 0.0673076923076923
1 0.16947115384615385 0.21153846153846154 0.036057692307692304 0.055288461538461536
0 0.8449519230769231 0.7608173076923077 0.08653846153846154 0.07451923076923077
0 0.8185096153846154 0.5216346153846154 0.057692307692307696 0.0625
0 0.9098557692307693 0.6634615384615384 0.07211538461538461 0.09134615384615384
0 0.8533653846153846 0.6971153846153846 0.07932692307692307 0.08173076923076923
0 0.7271634615384616 0.5348557692307693 0.06009615384615385 0.07211538461538461
0 0.6466346153846154 0.5564903846153846 0.0673076923076923 0.07211538461538461
0 0.5396634615384616 0.5132211538461539 0.0673076923076923 0.08173076923076923
0 0.4182692307692308 0.41947115384615385 0.0673076923076923 0.07451923076923077
0 0.359375 0.23076923076923078 0.040865384615384616 0.04807692307692308
0 0.3004807692307692 0.22115384615384615 0.036057692307692304 0.038461538461538464
1 0.3918269230769231 0.2860576923076923 0.040865384615384616 0.052884615384615384
1 0.21394230769230768 0.2091346153846154 0.040865384615384616 0.04807692307692308