1 0.9038461538461539 0.11057692307692307 0.11538461538461539 0.19230769230769232
1 0.7451923076923077 0.13341346153846154 0.11778846153846154 0.1778846153846154
1 0.12740384615384615 0.2608173076923077 0.15144230769230768 0.23557692307692307
1 0.8990384615384616 0.4879807692307692 0.20192307692307693 0.3269230769230769
1 0.6814903846153846 0.43509615384615385 0.10817307692307693 0.15384615384615385
1 0.037259615384615384 0.3004807692307692 0.07451923076923077 0.18269230769230768
1 0.3798076923076923 0.24278846153846154 0.0985576923076923 0.16826923076923078
1 0.8317307692307693 0.4170673076923077 0.13701923076923078 0.20192307692307693
1 0.6514423076923077 0.20793269230769232 0.07932692307692307 0.11538461538461539
1 0.46634615384615385 0.21394230769230768 0.0673076923076923 0.11057692307692307
1 0.5709134615384616 0.25961538461538464 0.0673076923076923 0.10817307692307693
1 0.5168269230769231 0.23197115384615385 0.06009615384615385 0.09615384615384616