1 0.8149038461538461 0.6646634615384616 0.07211538461538461 0.12259615384615384
1 0.6117788461538461 0.47836538461538464 0.05048076923076923 0.08653846153846154
1 0.6694711538461539 0.44350961538461536 0.05048076923076923 0.07932692307692307
0 0.038461538461538464 0.7223557692307693 0.052884615384615384 0.07932692307692307
0 0.13942307692307693 0.7127403846153846 0.057692307692307696 0.08653846153846154
0 0.21514423076923078 0.6322115384615384 0.052884615384615384 0.07211538461538461
0 0.43028846153846156 0.2980769230769231 0.03365384615384615 0.04567307692307692
0 0.4098557692307692 0.5360576923076923 0.040865384615384616 0.0625
0 0.9026442307692307 0.4110576923076923 0.04567307692307692 0.0673076923076923
0 0.27524038461538464 0.5709134615384616 0.040865384615384616 0.057692307692307696
0 0.23076923076923078 0.5480769230769231 0.04567307692307692 0.0673076923076923
0 0.34975961538461536 0.5504807692307693 0.04567307692307692 0.06971153846153846
0 0.30528846153846156 0.5024038461538461 0.05048076923076923 0.0625
0 0.46153846153846156 0.5024038461538461 0.05048076923076923 0.06009615384615385
0 0.41586538461538464 0.4567307692307692 0.04807692307692308 0.06971153846153846
0 0.4855769230769231 0.4182692307692308 0.04326923076923077 0.06009615384615385
0 0.6057692307692307 0.3557692307692308 0.04326923076923077 0.0673076923076923
0 0.7115384615384616 0.29927884615384615 0.040865384615384616 0.06009615384615385
0 0.36658653846153844 0.5108173076923077 0.040865384615384616 0.06971153846153846
0 0.19591346153846154 0.2692307692307692 0.03125 0.052884615384615384