1 0.042067307692307696 0.203125 0.08413461538461539 0.18509615384615385
1 0.19110576923076922 0.19230769230769232 0.10576923076923077 0.17067307692307693
1 0.8125 0.18990384615384615 0.1346153846153846 0.22596153846153846
1 0.10336538461538461 0.5721153846153846 0.20192307692307693 0.3125
1 0.3137019230769231 0.4735576923076923 0.09615384615384616 0.14423076923076922
1 0.9266826923076923 0.20793269230769232 0.10336538461538461 0.17548076923076922
1 0.5649038461538461 0.2247596153846154 0.08653846153846154 0.16346153846153846
1 0.1658653846153846 0.4855769230769231 0.12259615384615384 0.19471153846153846
1 0.2956730769230769 0.24639423076923078 0.06971153846153846 0.11057692307692307
1 0.47596153846153844 0.21394230769230768 0.06009615384615385 0.10576923076923077
1 0.3858173076923077 0.2800480769230769 0.06009615384615385 0.10336538461538461
1 0.43028846153846156 0.24278846153846154 0.055288461538461536 0.09375