1 0.9122596153846154 0.10817307692307693 0.11538461538461539 0.1971153846153846
1 0.7463942307692307 0.12620192307692307 0.11778846153846154 0.18269230769230768
1 0.10096153846153846 0.23677884615384615 0.14903846153846154 0.2403846153846154
1 0.8966346153846154 0.5036057692307693 0.20673076923076922 0.33413461538461536
1 0.6694711538461539 0.4387019230769231 0.10817307692307693 0.15625
1 0.021634615384615384 0.27403846153846156 0.04326923076923077 0.18269230769230768
1 0.3641826923076923 0.22716346153846154 0.0985576923076923 0.17307692307692307
1 0.8257211538461539 0.42427884615384615 0.1346153846153846 0.20673076923076922
1 0.6478365384615384 0.20072115384615385 0.07692307692307693 0.1201923076923077
1 0.4543269230769231 0.20072115384615385 0.0673076923076923 0.11538461538461539
1 0.5600961538461539 0.25240384615384615 0.06490384615384616 0.11057692307692307
1 0.5072115384615384 0.22115384615384615 0.06009615384615385 0.0985576923076923