1 0.2956730769230769 0.7283653846153846 0.07451923076923077 0.11778846153846154
1 0.44471153846153844 0.5204326923076923 0.05048076923076923 0.08173076923076923
1 0.38461538461538464 0.49759615384615385 0.05048076923076923 0.07692307692307693
0 0.9915865384615384 0.6310096153846154 0.016826923076923076 0.07451923076923077
0 0.9194711538461539 0.6418269230769231 0.057692307692307696 0.08173076923076923
0 0.8341346153846154 0.5817307692307693 0.055288461538461536 0.06971153846153846
0 0.5757211538461539 0.31971153846153844 0.03365384615384615 0.04567307692307692
0 0.6394230769230769 0.5324519230769231 0.04326923076923077 0.06009615384615385
0 0.16706730769230768 0.5144230769230769 0.04807692307692308 0.06490384615384616
0 0.7692307692307693 0.5384615384615384 0.040865384615384616 0.055288461538461536
0 0.8040865384615384 0.5084134615384616 0.04807692307692308 0.06490384615384616
0 0.6971153846153846 0.5324519230769231 0.04807692307692308 0.0673076923076923
0 0.7283653846153846 0.4807692307692308 0.05048076923076923 0.0625
0 0.5865384615384616 0.5120192307692307 0.05048076923076923 0.057692307692307696
0 0.6177884615384616 0.46153846153846156 0.04807692307692308 0.0673076923076923
0 0.546875 0.43990384615384615 0.04326923076923077 0.057692307692307696
0 0.4266826923076923 0.40625 0.04567307692307692 0.0625
0 0.31971153846153844 0.3762019230769231 0.040865384615384616 0.057692307692307696
0 0.6742788461538461 0.5012019230769231 0.040865384615384616 0.0673076923076923
0 0.7824519230769231 0.24759615384615385 0.03365384615384615 0.05048076923076923