0 0.2776442307692308 0.2848557692307692 0.07451923076923077 0.10576923076923077
0 0.7211538461538461 0.2764423076923077 0.052884615384615384 0.08413461538461539
0 0.13822115384615385 0.33653846153846156 0.04326923076923077 0.09375
0 0.18389423076923078 0.35697115384615385 0.040865384615384616 0.07451923076923077
0 0.09735576923076923 0.3473557692307692 0.040865384615384616 0.07932692307692307
0 0.34975961538461536 0.33413461538461536 0.040865384615384616 0.07211538461538461
0 0.4362980769230769 0.3245192307692308 0.04326923076923077 0.08173076923076923
0 0.4699519230769231 0.33413461538461536 0.040865384615384616 0.07932692307692307
0 0.5865384615384616 0.3016826923076923 0.052884615384615384 0.0889423076923077
0 0.6502403846153846 0.2824519230769231 0.04567307692307692 0.08653846153846154
0 0.8641826923076923 0.24158653846153846 0.06009615384615385 0.09375
0 0.22355769230769232 0.36658653846153844 0.03365384615384615 0.055288461538461536