1 0.4723557692307692 0.5528846153846154 0.07932692307692307 0.14423076923076922
1 0.8317307692307693 0.53125 0.07692307692307693 0.11538461538461539
1 0.8497596153846154 0.65625 0.13701923076923078 0.18509615384615385
1 0.6574519230769231 0.6442307692307693 0.1201923076923077 0.20192307692307693
1 0.9411057692307693 0.6177884615384616 0.10576923076923077 0.12980769230769232
1 0.9567307692307693 0.5048076923076923 0.06971153846153846 0.0985576923076923
1 0.6670673076923077 0.4519230769230769 0.036057692307692304 0.055288461538461536
1 0.5588942307692307 0.4951923076923077 0.04326923076923077 0.0625
1 0.5096153846153846 0.49038461538461536 0.040865384615384616 0.07211538461538461
1 0.23677884615384615 0.5264423076923077 0.04807692307692308 0.06971153846153846
1 0.33653846153846156 0.4951923076923077 0.036057692307692304 0.06490384615384616
1 0.37740384615384615 0.5132211538461539 0.038461538461538464 0.07211538461538461
1 0.42908653846153844 0.5024038461538461 0.036057692307692304 0.06490384615384616