1 0.7872596153846154 0.20552884615384615 0.09375 0.18028846153846154
1 0.18389423076923078 0.17307692307692307 0.09375 0.1658653846153846
1 0.46153846153846156 0.23076923076923078 0.07692307692307693 0.15144230769230768
1 0.5408653846153846 0.22956730769230768 0.09615384615384616 0.18028846153846154
1 0.26802884615384615 0.20552884615384615 0.06971153846153846 0.1346153846153846
1 0.6334134615384616 0.21875 0.07692307692307693 0.15865384615384615
1 0.3581730769230769 0.19951923076923078 0.06971153846153846 0.1466346153846154
1 0.8641826923076923 0.24639423076923078 0.125 0.21153846153846154
1 0.038461538461538464 0.22956730769230768 0.055288461538461536 0.1346153846153846
1 0.9891826923076923 0.3473557692307692 0.021634615384615384 0.0889423076923077
1 0.1201923076923077 0.23317307692307693 0.06971153846153846 0.0985576923076923