1 0.8028846153846154 0.23317307692307693 0.10817307692307693 0.18990384615384615
1 0.1935096153846154 0.15625 0.10817307692307693 0.17307692307692307
1 0.4699519230769231 0.234375 0.08653846153846154 0.15865384615384615
1 0.5516826923076923 0.2403846153846154 0.10817307692307693 0.18990384615384615
1 0.27524038461538464 0.19471153846153846 0.07932692307692307 0.13942307692307693
1 0.6466346153846154 0.234375 0.0889423076923077 0.1658653846153846
1 0.36778846153846156 0.1971153846153846 0.07932692307692307 0.15144230769230768
1 0.8786057692307693 0.27884615384615385 0.14182692307692307 0.22115384615384615
1 0.04927884615384615 0.203125 0.05048076923076923 0.13942307692307693
1 0.9915865384615384 0.3894230769230769 0.016826923076923076 0.09134615384615384
1 0.12379807692307693 0.2127403846153846 0.07692307692307693 0.10576923076923077