1 0.5216346153846154 0.5444711538461539 0.08173076923076923 0.13942307692307693
1 0.17668269230769232 0.5360576923076923 0.07932692307692307 0.11298076923076923
1 0.16346153846153846 0.65625 0.13701923076923078 0.18269230769230768
1 0.3473557692307692 0.6370192307692307 0.12259615384615384 0.1971153846153846
1 0.07451923076923077 0.6213942307692307 0.10336538461538461 0.12740384615384615
1 0.055288461538461536 0.5144230769230769 0.06971153846153846 0.0985576923076923
1 0.3317307692307692 0.4543269230769231 0.036057692307692304 0.055288461538461536
1 0.4362980769230769 0.49278846153846156 0.04326923076923077 0.06009615384615385
1 0.4831730769230769 0.4855769230769231 0.040865384615384616 0.06971153846153846
1 0.7475961538461539 0.5108173076923077 0.04807692307692308 0.0673076923076923
1 0.6490384615384616 0.4831730769230769 0.036057692307692304 0.06490384615384616
1 0.6117788461538461 0.5024038461538461 0.038461538461538464 0.06971153846153846
1 0.5612980769230769 0.4951923076923077 0.038461538461538464 0.06490384615384616