1 0.7223557692307693 0.3786057692307692 0.07692307692307693 0.13221153846153846
1 0.14182692307692307 0.40384615384615385 0.09615384615384616 0.13942307692307693
1 0.3918269230769231 0.36899038461538464 0.07451923076923077 0.125
1 0.9615384615384616 0.40625 0.07451923076923077 0.125
1 0.2692307692307692 0.3894230769230769 0.0625 0.11538461538461539
1 0.7836538461538461 0.4026442307692308 0.0625 0.09615384615384616
1 0.5949519230769231 0.41466346153846156 0.057692307692307696 0.10336538461538461
1 0.49158653846153844 0.3629807692307692 0.0625 0.10336538461538461
1 0.21394230769230768 0.4387019230769231 0.06009615384615385 0.0985576923076923
1 0.4411057692307692 0.3894230769230769 0.04326923076923077 0.0889423076923077
1 0.6358173076923077 0.39663461538461536 0.04326923076923077 0.09375
1 0.9254807692307693 0.37740384615384615 0.057692307692307696 0.09615384615384616
1 0.8677884615384616 0.38341346153846156 0.052884615384615384 0.09134615384615384