1 0.8942307692307693 0.3245192307692308 0.12259615384615384 0.18509615384615385
1 0.7596153846153846 0.38341346153846156 0.08413461538461539 0.12980769230769232
1 0.6730769230769231 0.3629807692307692 0.07692307692307693 0.11298076923076923
1 0.8377403846153846 0.3449519230769231 0.0673076923076923 0.14182692307692307
0 0.08052884615384616 0.3485576923076923 0.13701923076923078 0.1875
0 0.5805288461538461 0.375 0.07692307692307693 0.1201923076923077
0 0.46033653846153844 0.3954326923076923 0.0625 0.0889423076923077
1 0.22716346153846154 0.14903846153846154 0.026442307692307692 0.04326923076923077
1 0.13341346153846154 0.13221153846153846 0.02403846153846154 0.038461538461538464
1 0.0625 0.13942307692307693 0.02403846153846154 0.036057692307692304
1 0.021634615384615384 0.3329326923076923 0.04326923076923077 0.11298076923076923