1 0.4855769230769231 0.6021634615384616 0.09615384615384616 0.15625
1 0.12379807692307693 0.5084134615384616 0.09134615384615384 0.125
1 0.08173076923076923 0.6334134615384616 0.15625 0.20192307692307693
1 0.27884615384615385 0.6598557692307693 0.14182692307692307 0.21634615384615385
1 0.027644230769230768 0.578125 0.055288461538461536 0.13701923076923078
1 0.020432692307692308 0.4579326923076923 0.040865384615384616 0.10336538461538461
1 0.30649038461538464 0.46033653846153844 0.04326923076923077 0.06009615384615385
1 0.4074519230769231 0.5264423076923077 0.05048076923076923 0.06971153846153846
1 0.45913461538461536 0.5324519230769231 0.04807692307692308 0.07692307692307693
1 0.7295673076923077 0.6213942307692307 0.055288461538461536 0.07451923076923077
1 0.6346153846153846 0.5697115384615384 0.04326923076923077 0.06971153846153846
1 0.5901442307692307 0.5793269230769231 0.04567307692307692 0.07692307692307693
1 0.5384615384615384 0.5588942307692307 0.04326923076923077 0.06971153846153846