1 0.06850961538461539 0.41466346153846156 0.13701923076923078 0.20432692307692307
1 0.21634615384615385 0.44350961538461536 0.10096153846153846 0.14423076923076922
1 0.29927884615384615 0.4050480769230769 0.09134615384615384 0.125
1 0.12860576923076922 0.4230769230769231 0.08413461538461539 0.15384615384615385
0 0.9002403846153846 0.2608173076923077 0.16346153846153846 0.20673076923076922
0 0.39663461538461536 0.39783653846153844 0.09375 0.12980769230769232
0 0.5216346153846154 0.3918269230769231 0.07451923076923077 0.0985576923076923
1 0.7079326923076923 0.09014423076923077 0.03125 0.04567307692307692
1 0.8004807692307693 0.05048076923076923 0.028846153846153848 0.04326923076923077
1 0.8725961538461539 0.04447115384615385 0.028846153846153848 0.038461538461538464
1 0.9507211538461539 0.234375 0.04326923076923077 0.11778846153846154