1 0.2824519230769231 0.41466346153846156 0.08173076923076923 0.12980769230769232
1 0.8401442307692307 0.35096153846153844 0.0985576923076923 0.13701923076923078
1 0.5949519230769231 0.3545673076923077 0.07692307692307693 0.125
1 0.054086538461538464 0.47716346153846156 0.08173076923076923 0.125
1 0.7151442307692307 0.3557692307692308 0.06490384615384616 0.11298076923076923
1 0.22596153846153846 0.44591346153846156 0.06490384615384616 0.09375
1 0.4074519230769231 0.42908653846153844 0.06009615384615385 0.10096153846153846
1 0.4987980769230769 0.3641826923076923 0.06490384615384616 0.10336538461538461
1 0.7752403846153846 0.3954326923076923 0.0625 0.09615384615384616
1 0.5516826923076923 0.38221153846153844 0.04807692307692308 0.08653846153846154
1 0.36538461538461536 0.4170673076923077 0.04807692307692308 0.09134615384615384
1 0.08653846153846154 0.44471153846153844 0.0625 0.09375
1 0.14182692307692307 0.43990384615384615 0.055288461538461536 0.09134615384615384