0 0.7644230769230769 0.32091346153846156 0.07932692307692307 0.10336538461538461
0 0.35096153846153844 0.2764423076923077 0.055288461538461536 0.08173076923076923
0 0.8894230769230769 0.38100961538461536 0.04807692307692308 0.0889423076923077
0 0.8461538461538461 0.3942307692307692 0.04326923076923077 0.07211538461538461
0 0.9254807692307693 0.390625 0.04326923076923077 0.07451923076923077
0 0.6911057692307693 0.3605769230769231 0.04326923076923077 0.06971153846153846
0 0.6129807692307693 0.3425480769230769 0.04807692307692308 0.07932692307692307
0 0.5805288461538461 0.3485576923076923 0.04326923076923077 0.07451923076923077
0 0.4735576923076923 0.3112980769230769 0.057692307692307696 0.0889423076923077
0 0.41586538461538464 0.2860576923076923 0.05048076923076923 0.08413461538461539
0 0.21995192307692307 0.23197115384615385 0.0625 0.09134615384615384
0 0.8064903846153846 0.40024038461538464 0.036057692307692304 0.055288461538461536