0 0.7355769230769231 0.28125 0.0673076923076923 0.09615384615384616
0 0.32091346153846156 0.28846153846153844 0.04807692307692308 0.07692307692307693
0 0.8677884615384616 0.32572115384615385 0.038461538461538464 0.08653846153846154
0 0.8257211538461539 0.3449519230769231 0.036057692307692304 0.0673076923076923
0 0.9050480769230769 0.3329326923076923 0.036057692307692304 0.07211538461538461
0 0.6694711538461539 0.3293269230769231 0.03365384615384615 0.0673076923076923
0 0.5877403846153846 0.3233173076923077 0.038461538461538464 0.07451923076923077
0 0.5564903846153846 0.3329326923076923 0.036057692307692304 0.07211538461538461
0 0.44591346153846156 0.3076923076923077 0.04807692307692308 0.08173076923076923
0 0.3870192307692308 0.28966346153846156 0.040865384615384616 0.07932692307692307
0 0.18629807692307693 0.25961538461538464 0.052884615384615384 0.08653846153846154
0 0.7884615384615384 0.3557692307692308 0.028846153846153848 0.052884615384615384