1 0.7247596153846154 0.3786057692307692 0.08173076923076923 0.1346153846153846
1 0.14543269230769232 0.42427884615384615 0.10096153846153846 0.14182692307692307
1 0.3954326923076923 0.3798076923076923 0.07692307692307693 0.12740384615384615
1 0.9627403846153846 0.39783653846153844 0.06971153846153846 0.12740384615384615
1 0.27163461538461536 0.4050480769230769 0.06490384615384616 0.11538461538461539
1 0.7872596153846154 0.40024038461538464 0.0673076923076923 0.09615384615384616
1 0.5985576923076923 0.41947115384615385 0.0625 0.10576923076923077
1 0.49399038461538464 0.3713942307692308 0.06490384615384616 0.10576923076923077
1 0.21875 0.4567307692307692 0.0625 0.0985576923076923
1 0.44471153846153844 0.40024038461538464 0.04807692307692308 0.0889423076923077
1 0.6394230769230769 0.40024038461538464 0.04807692307692308 0.09615384615384616
1 0.9278846153846154 0.3713942307692308 0.0625 0.09615384615384616
1 0.8701923076923077 0.3786057692307692 0.055288461538461536 0.09375