1 0.14783653846153846 0.20072115384615385 0.10096153846153846 0.15144230769230768
1 0.22956730769230768 0.2692307692307692 0.06971153846153846 0.10336538461538461
1 0.27163461538461536 0.2764423076923077 0.057692307692307696 0.09134615384615384
1 0.32572115384615385 0.2283653846153846 0.10336538461538461 0.17307692307692307
1 0.49158653846153844 0.27524038461538464 0.07932692307692307 0.11298076923076923
1 0.6057692307692307 0.296875 0.09375 0.16826923076923078
1 0.5564903846153846 0.28966346153846156 0.0673076923076923 0.1201923076923077
1 0.8100961538461539 0.26802884615384615 0.11778846153846154 0.17307692307692307
1 0.7584134615384616 0.31490384615384615 0.04567307692307692 0.10576923076923077
1 0.8461538461538461 0.3269230769230769 0.0625 0.12740384615384615
1 0.8930288461538461 0.3629807692307692 0.057692307692307696 0.09375
1 0.9543269230769231 0.38461538461538464 0.09134615384615384 0.17307692307692307