1 0.6213942307692307 0.3870192307692308 0.057692307692307696 0.10576923076923077
1 0.8305288461538461 0.6262019230769231 0.07692307692307693 0.10336538461538461
1 0.9663461538461539 0.5673076923076923 0.0625 0.10336538461538461
1 0.38461538461538464 0.5504807692307693 0.06009615384615385 0.0985576923076923
1 0.4423076923076923 0.3858173076923077 0.06009615384615385 0.09615384615384616
1 0.38221153846153844 0.38100961538461536 0.055288461538461536 0.0985576923076923
1 0.18990384615384615 0.5300480769230769 0.07211538461538461 0.09375
1 0.7259615384615384 0.171875 0.05048076923076923 0.0625
1 0.6923076923076923 0.20793269230769232 0.052884615384615384 0.0625
1 0.1971153846153846 0.3641826923076923 0.06490384615384616 0.11057692307692307
1 0.22596153846153846 0.33774038461538464 0.05048076923076923 0.09134615384615384
1 0.16105769230769232 0.35216346153846156 0.055288461538461536 0.08653846153846154