1 0.8497596153846154 0.3425480769230769 0.08413461538461539 0.13701923076923078
1 0.4675480769230769 0.2644230769230769 0.09615384615384616 0.16826923076923078
1 0.6370192307692307 0.27524038461538464 0.07692307692307693 0.15144230769230768
1 0.11538461538461539 0.24879807692307693 0.08413461538461539 0.17307692307692307
1 0.042067307692307696 0.28365384615384615 0.0625 0.12259615384615384
1 0.1778846153846154 0.3088942307692308 0.057692307692307696 0.10576923076923077
1 0.9471153846153846 0.3269230769230769 0.06490384615384616 0.10336538461538461
1 0.5853365384615384 0.3016826923076923 0.052884615384615384 0.11057692307692307
1 0.41466346153846156 0.328125 0.07211538461538461 0.11538461538461539
1 0.765625 0.3269230769230769 0.04326923076923077 0.07451923076923077
0 0.2776442307692308 0.3329326923076923 0.040865384615384616 0.05048076923076923