1 0.18269230769230768 0.44591346153846156 0.07451923076923077 0.12740384615384615
1 0.057692307692307696 0.4699519230769231 0.07211538461538461 0.11298076923076923
1 0.734375 0.41466346153846156 0.08653846153846154 0.10096153846153846
1 0.375 0.4579326923076923 0.057692307692307696 0.0985576923076923
1 0.46153846153846156 0.46875 0.06490384615384616 0.10576923076923077
1 0.5721153846153846 0.4254807692307692 0.06009615384615385 0.0985576923076923
1 0.6394230769230769 0.4567307692307692 0.05048076923076923 0.09615384615384616
0 0.24519230769230768 0.4723557692307692 0.04567307692307692 0.08413461538461539
1 0.3125 0.4699519230769231 0.04807692307692308 0.09375
1 0.12259615384615384 0.47716346153846156 0.057692307692307696 0.09375
1 0.6947115384615384 0.4338942307692308 0.038461538461538464 0.09615384615384616
1 0.42788461538461536 0.48197115384615385 0.03365384615384615 0.08413461538461539