1 0.7860576923076923 0.44471153846153844 0.06490384615384616 0.10817307692307693
1 0.4074519230769231 0.4387019230769231 0.055288461538461536 0.0985576923076923
1 0.6466346153846154 0.46153846153846156 0.06009615384615385 0.0985576923076923
1 0.859375 0.45913461538461536 0.055288461538461536 0.09134615384615384
1 0.9735576923076923 0.48197115384615385 0.052884615384615384 0.11298076923076923
1 0.6814903846153846 0.46875 0.038461538461538464 0.08173076923076923
1 0.5288461538461539 0.45552884615384615 0.05048076923076923 0.09375
1 0.4879807692307692 0.45552884615384615 0.036057692307692304 0.0673076923076923
1 0.44711538461538464 0.4326923076923077 0.03125 0.0673076923076923
1 0.32211538461538464 0.41466346153846156 0.057692307692307696 0.10336538461538461
1 0.04807692307692308 0.42788461538461536 0.057692307692307696 0.09134615384615384
1 0.10216346153846154 0.4338942307692308 0.038461538461538464 0.07692307692307693
1 0.21514423076923078 0.43149038461538464 0.040865384615384616 0.07451923076923077
1 0.25240384615384615 0.4387019230769231 0.04326923076923077 0.07451923076923077
1 0.28365384615384615 0.4362980769230769 0.03365384615384615 0.07211538461538461