1 0.4098557692307692 0.3581730769230769 0.06009615384615385 0.10576923076923077
1 0.1502403846153846 0.53125 0.07932692307692307 0.10336538461538461
1 0.036057692307692304 0.43990384615384615 0.06490384615384616 0.10096153846153846
1 0.5901442307692307 0.5733173076923077 0.06490384615384616 0.0985576923076923
1 0.5805288461538461 0.4014423076923077 0.0625 0.09375
1 0.6370192307692307 0.41346153846153844 0.06009615384615385 0.0985576923076923
1 0.78125 0.6033653846153846 0.07451923076923077 0.09375
1 0.36538461538461536 0.12980769230769232 0.052884615384615384 0.06490384615384616
1 0.38822115384615385 0.17067307692307693 0.055288461538461536 0.06490384615384616
1 0.8161057692307693 0.44350961538461536 0.0673076923076923 0.11057692307692307
1 0.796875 0.41225961538461536 0.052884615384615384 0.0889423076923077
1 0.8533653846153846 0.4411057692307692 0.057692307692307696 0.08653846153846154