1 0.10817307692307693 0.20432692307692307 0.11057692307692307 0.15865384615384615
1 0.19110576923076922 0.2776442307692308 0.07692307692307693 0.10817307692307693
1 0.23557692307692307 0.28725961538461536 0.0625 0.09615384615384616
1 0.2920673076923077 0.23798076923076922 0.11298076923076923 0.18028846153846154
1 0.46274038461538464 0.2932692307692308 0.08653846153846154 0.11778846153846154
1 0.5793269230769231 0.32091346153846156 0.10336538461538461 0.1778846153846154
1 0.5288461538461539 0.3112980769230769 0.07211538461538461 0.125
1 0.7908653846153846 0.2980769230769231 0.12740384615384615 0.18269230769230768
1 0.7367788461538461 0.34375 0.05048076923076923 0.11057692307692307
1 0.8269230769230769 0.359375 0.06971153846153846 0.13221153846153846
1 0.8737980769230769 0.40024038461538464 0.0625 0.0985576923076923
1 0.9435096153846154 0.4230769230769231 0.11298076923076923 0.18269230769230768
1 0.9951923076923077 0.40625 0.009615384615384616 0.08173076923076923