1 0.12980769230769232 0.4074519230769231 0.0673076923076923 0.11298076923076923
1 0.5192307692307693 0.4362980769230769 0.057692307692307696 0.10336538461538461
1 0.2704326923076923 0.4375 0.06490384615384616 0.10336538461538461
1 0.05048076923076923 0.41466346153846156 0.057692307692307696 0.09615384615384616
1 0.23317307692307693 0.4411057692307692 0.040865384615384616 0.08413461538461539
1 0.3918269230769231 0.43990384615384615 0.055288461538461536 0.0985576923076923
1 0.4338942307692308 0.44471153846153844 0.038461538461538464 0.06971153846153846
1 0.4795673076923077 0.4254807692307692 0.03365384615384615 0.06971153846153846
1 0.609375 0.4182692307692308 0.0625 0.10817307692307693
1 0.890625 0.4567307692307692 0.06009615384615385 0.09615384615384616
1 0.8341346153846154 0.4579326923076923 0.040865384615384616 0.07932692307692307
1 0.71875 0.44350961538461536 0.04326923076923077 0.07692307692307693
1 0.6790865384615384 0.4483173076923077 0.04567307692307692 0.07692307692307693
1 0.6478365384615384 0.44350961538461536 0.036057692307692304 0.07692307692307693