1 0.8509615384615384 0.3329326923076923 0.08173076923076923 0.13942307692307693
1 0.96875 0.3425480769230769 0.04807692307692308 0.1201923076923077
1 0.26802884615384615 0.3798076923076923 0.09615384615384616 0.11057692307692307
1 0.6502403846153846 0.375 0.06490384615384616 0.10817307692307693
1 0.5625 0.39663461538461536 0.07211538461538461 0.11538461538461539
1 0.4387019230769231 0.36899038461538464 0.0673076923076923 0.10817307692307693
1 0.3713942307692308 0.41225961538461536 0.057692307692307696 0.10336538461538461
0 0.7896634615384616 0.3701923076923077 0.052884615384615384 0.09134615384615384
1 0.71875 0.37740384615384615 0.055288461538461536 0.10096153846153846
1 0.9206730769230769 0.35697115384615385 0.06490384615384616 0.10096153846153846
1 0.31009615384615385 0.3954326923076923 0.04567307692307692 0.10336538461538461
1 0.5997596153846154 0.40865384615384615 0.038461538461538464 0.0889423076923077