1 0.18269230769230768 0.4266826923076923 0.07211538461538461 0.11778846153846154
1 0.018028846153846152 0.35096153846153844 0.028846153846153848 0.0625
1 0.8305288461538461 0.29086538461538464 0.10576923076923077 0.18990384615384615
1 0.6862980769230769 0.3317307692307692 0.0985576923076923 0.17548076923076922
1 0.5925480769230769 0.2644230769230769 0.07211538461538461 0.13942307692307693
1 0.49759615384615385 0.3125 0.07211538461538461 0.10576923076923077
1 0.4362980769230769 0.32211538461538464 0.0625 0.1201923076923077
1 0.3425480769230769 0.31009615384615385 0.055288461538461536 0.09375
1 0.27884615384615385 0.3233173076923077 0.055288461538461536 0.10096153846153846
1 0.23197115384615385 0.31490384615384615 0.04807692307692308 0.07932692307692307
1 0.18870192307692307 0.31850961538461536 0.04326923076923077 0.08173076923076923
1 0.13942307692307693 0.3329326923076923 0.04567307692307692 0.08173076923076923
1 0.0889423076923077 0.3473557692307692 0.038461538461538464 0.07211538461538461