1 0.1622596153846154 0.3894230769230769 0.09375 0.13942307692307693
1 0.5264423076923077 0.28125 0.10576923076923077 0.17067307692307693
1 0.36177884615384615 0.30528846153846156 0.08653846153846154 0.15144230769230768
1 0.8689903846153846 0.23677884615384615 0.0985576923076923 0.17548076923076922
1 0.9411057692307693 0.2644230769230769 0.07211538461538461 0.12259615384615384
1 0.8125 0.3004807692307692 0.06490384615384616 0.10817307692307693
1 0.0673076923076923 0.38221153846153844 0.07211538461538461 0.10336538461538461
1 0.41586538461538464 0.328125 0.06009615384615385 0.11057692307692307
1 0.5829326923076923 0.33774038461538464 0.07932692307692307 0.1201923076923077
1 0.2439903846153846 0.36658653846153844 0.04807692307692308 0.07451923076923077
0 0.7163461538461539 0.33052884615384615 0.04567307692307692 0.052884615384615384