1 0.5204326923076923 0.33413461538461536 0.07211538461538461 0.12980769230769232
1 0.6322115384615384 0.30649038461538464 0.0625 0.12980769230769232
1 0.2620192307692308 0.33653846153846156 0.06490384615384616 0.1201923076923077
1 0.15745192307692307 0.3088942307692308 0.04326923076923077 0.07451923076923077
1 0.078125 0.3329326923076923 0.038461538461538464 0.08413461538461539
1 0.3605769230769231 0.3425480769230769 0.03365384615384615 0.0673076923076923
1 0.4519230769230769 0.3293269230769231 0.04326923076923077 0.07692307692307693
1 0.6947115384615384 0.3762019230769231 0.057692307692307696 0.1201923076923077
1 0.40865384615384615 0.3233173076923077 0.03365384615384615 0.057692307692307696
1 0.05048076923076923 0.3233173076923077 0.03125 0.07211538461538461
1 0.9759615384615384 0.5673076923076923 0.04807692307692308 0.1346153846153846