1 0.18990384615384615 0.46153846153846156 0.06490384615384616 0.11057692307692307
1 0.037259615384615384 0.38341346153846156 0.02403846153846154 0.057692307692307696
1 0.8100961538461539 0.35336538461538464 0.09615384615384616 0.1778846153846154
1 0.671875 0.38822115384615385 0.08653846153846154 0.16346153846153846
1 0.5853365384615384 0.32091346153846156 0.06490384615384616 0.13221153846153846
1 0.49278846153846156 0.3629807692307692 0.06490384615384616 0.10096153846153846
1 0.43509615384615385 0.36899038461538464 0.052884615384615384 0.11298076923076923
1 0.34615384615384615 0.35697115384615385 0.05048076923076923 0.08653846153846154
1 0.2860576923076923 0.36658653846153844 0.05048076923076923 0.09375
1 0.24158653846153846 0.35697115384615385 0.04326923076923077 0.07451923076923077
1 0.19951923076923078 0.3581730769230769 0.038461538461538464 0.07692307692307693
1 0.15264423076923078 0.3713942307692308 0.038461538461538464 0.07692307692307693
1 0.1045673076923077 0.38221153846153844 0.03365384615384615 0.0673076923076923