1 0.8137019230769231 0.3858173076923077 0.07692307692307693 0.11778846153846154
1 0.4326923076923077 0.4543269230769231 0.0673076923076923 0.10576923076923077
1 0.6778846153846154 0.43028846153846156 0.07451923076923077 0.10817307692307693
1 0.8918269230769231 0.3858173076923077 0.0673076923076923 0.0985576923076923
1 0.7139423076923077 0.43028846153846156 0.04807692307692308 0.08653846153846154
1 0.5588942307692307 0.44591346153846156 0.0625 0.10096153846153846
1 0.5168269230769231 0.4543269230769231 0.04567307692307692 0.07211538461538461
1 0.47115384615384615 0.43990384615384615 0.040865384615384616 0.07211538461538461
1 0.34134615384615385 0.44591346153846156 0.07211538461538461 0.11057692307692307
1 0.06850961538461539 0.5132211538461539 0.06971153846153846 0.0985576923076923
1 0.12259615384615384 0.5084134615384616 0.04807692307692308 0.08173076923076923
1 0.23677884615384615 0.4831730769230769 0.05048076923076923 0.07932692307692307
1 0.2764423076923077 0.4831730769230769 0.052884615384615384 0.07932692307692307
1 0.30649038461538464 0.47596153846153844 0.04326923076923077 0.07692307692307693