1 0.17668269230769232 0.4651442307692308 0.07932692307692307 0.12740384615384615
1 0.05889423076923077 0.49759615384615385 0.07692307692307693 0.11298076923076923
1 0.7067307692307693 0.39663461538461536 0.09134615384615384 0.10336538461538461
1 0.3641826923076923 0.4651442307692308 0.0625 0.0985576923076923
1 0.44711538461538464 0.4675480769230769 0.0673076923076923 0.10576923076923077
1 0.5516826923076923 0.4182692307692308 0.06490384615384616 0.0985576923076923
1 0.6189903846153846 0.44591346153846156 0.055288461538461536 0.09375
0 0.23918269230769232 0.4855769230769231 0.05048076923076923 0.08413461538461539
1 0.30528846153846156 0.4795673076923077 0.052884615384615384 0.09134615384615384
1 0.12139423076923077 0.4987980769230769 0.0625 0.09375
1 0.671875 0.41947115384615385 0.04326923076923077 0.09375
1 0.4170673076923077 0.4831730769230769 0.038461538461538464 0.08173076923076923