1 0.8221153846153846 0.48677884615384615 0.08173076923076923 0.11778846153846154
1 0.9831730769230769 0.4338942307692308 0.03365384615384615 0.06009615384615385
1 0.234375 0.2848557692307692 0.1201923076923077 0.1875
1 0.3629807692307692 0.34134615384615385 0.11057692307692307 0.17307692307692307
1 0.45913461538461536 0.28966346153846156 0.08413461538461539 0.13942307692307693
1 0.5432692307692307 0.34375 0.07932692307692307 0.10817307692307693
1 0.5973557692307693 0.3581730769230769 0.06971153846153846 0.11778846153846154
1 0.6862980769230769 0.3605769230769231 0.0625 0.09375
1 0.7439903846153846 0.3798076923076923 0.0625 0.0985576923076923
1 0.7884615384615384 0.3762019230769231 0.052884615384615384 0.07932692307692307
1 0.828125 0.38461538461538464 0.04807692307692308 0.08173076923076923
1 0.8725961538461539 0.4050480769230769 0.05048076923076923 0.08173076923076923
1 0.9170673076923077 0.4230769230769231 0.04326923076923077 0.07211538461538461