1 0.6225961538461539 0.35336538461538464 0.08173076923076923 0.15384615384615385
1 0.04326923076923077 0.3701923076923077 0.06971153846153846 0.12980769230769232
1 0.8774038461538461 0.38822115384615385 0.06971153846153846 0.13942307692307693
1 0.5360576923076923 0.37740384615384615 0.0673076923076923 0.11778846153846154
1 0.8221153846153846 0.39783653846153844 0.06009615384615385 0.11538461538461539
1 0.10576923076923077 0.39783653846153844 0.06009615384615385 0.10096153846153846
1 0.25961538461538464 0.39302884615384615 0.06009615384615385 0.10576923076923077
1 0.3701923076923077 0.390625 0.055288461538461536 0.0985576923076923
1 0.1875 0.3918269230769231 0.05048076923076923 0.0889423076923077
1 0.6682692307692307 0.421875 0.057692307692307696 0.10096153846153846
1 0.7151442307692307 0.39783653846153844 0.04567307692307692 0.10096153846153846
1 0.9110576923076923 0.4411057692307692 0.04807692307692308 0.09134615384615384
1 0.42427884615384615 0.39903846153846156 0.04326923076923077 0.09134615384615384
1 0.4987980769230769 0.3942307692307692 0.04326923076923077 0.10817307692307693