0 0.26322115384615385 0.4963942307692308 0.057692307692307696 0.10096153846153846
0 0.8485576923076923 0.47836538461538464 0.052884615384615384 0.11057692307692307
0 0.6838942307692307 0.4519230769230769 0.04807692307692308 0.09134615384615384
0 0.109375 0.46634615384615385 0.055288461538461536 0.10576923076923077
0 0.052884615384615384 0.46153846153846156 0.028846153846153848 0.05048076923076923
0 0.17668269230769232 0.47475961538461536 0.03365384615384615 0.057692307692307696
0 0.3329326923076923 0.453125 0.04326923076923077 0.06009615384615385
0 0.45552884615384615 0.4651442307692308 0.05048076923076923 0.08173076923076923
0 0.6117788461538461 0.4567307692307692 0.04807692307692308 0.07211538461538461
0 0.7908653846153846 0.47475961538461536 0.04326923076923077 0.06971153846153846
0 0.5709134615384616 0.4795673076923077 0.028846153846153848 0.052884615384615384