1 0.7139423076923077 0.5661057692307693 0.09375 0.15865384615384615
1 0.8413461538461539 0.15745192307692307 0.07692307692307693 0.13701923076923078
1 0.8461538461538461 0.5024038461538461 0.11538461538461539 0.18028846153846154
1 0.6995192307692307 0.19471153846153846 0.0625 0.10817307692307693
1 0.46875 0.44711538461538464 0.06009615384615385 0.08653846153846154
1 0.6526442307692307 0.15384615384615385 0.06009615384615385 0.10576923076923077
1 0.4206730769230769 0.21754807692307693 0.057692307692307696 0.08653846153846154
1 0.4963942307692308 0.19471153846153846 0.04807692307692308 0.09134615384615384
1 0.6045673076923077 0.2283653846153846 0.05048076923076923 0.0889423076923077
1 0.6935096153846154 0.5 0.0625 0.09134615384615384
1 0.4699519230769231 0.4014423076923077 0.0673076923076923 0.08413461538461539