0 0.7223557692307693 0.49278846153846156 0.06009615384615385 0.0985576923076923
0 0.15144230769230768 0.49399038461538464 0.055288461538461536 0.10817307692307693
0 0.3112980769230769 0.46274038461538464 0.05048076923076923 0.0889423076923077
0 0.8701923076923077 0.4579326923076923 0.057692307692307696 0.10576923076923077
0 0.9242788461538461 0.4519230769230769 0.028846153846153848 0.05048076923076923
0 0.8040865384615384 0.4675480769230769 0.036057692307692304 0.055288461538461536
0 0.6514423076923077 0.453125 0.04326923076923077 0.06009615384615385
0 0.5324519230769231 0.4675480769230769 0.052884615384615384 0.08413461538461539
0 0.38100961538461536 0.4651442307692308 0.05048076923076923 0.07211538461538461
0 0.20793269230769232 0.4879807692307692 0.04567307692307692 0.06971153846153846
0 0.421875 0.4855769230769231 0.03125 0.052884615384615384