1 0.6358173076923077 0.34975961538461536 0.09134615384615384 0.15865384615384615
1 0.05048076923076923 0.33533653846153844 0.07692307692307693 0.1346153846153846
1 0.8930288461538461 0.39783653846153844 0.07932692307692307 0.14423076923076922
1 0.5480769230769231 0.36899038461538464 0.07211538461538461 0.12259615384615384
1 0.8365384615384616 0.4050480769230769 0.0673076923076923 0.11778846153846154
1 0.11057692307692307 0.36658653846153844 0.0673076923076923 0.10576923076923077
1 0.26802884615384615 0.3701923076923077 0.06490384615384616 0.10817307692307693
1 0.3798076923076923 0.3737980769230769 0.06009615384615385 0.10336538461538461
1 0.19471153846153846 0.3641826923076923 0.055288461538461536 0.09375
1 0.6790865384615384 0.4206730769230769 0.0625 0.10576923076923077
1 0.7283653846153846 0.39903846153846156 0.05048076923076923 0.10336538461538461
1 0.9242788461538461 0.453125 0.052884615384615384 0.09615384615384616
1 0.4326923076923077 0.38461538461538464 0.04807692307692308 0.09375
1 0.5084134615384616 0.38341346153846156 0.04807692307692308 0.11057692307692307