1 0.3173076923076923 0.6081730769230769 0.11057692307692307 0.16826923076923078
1 0.14783653846153846 0.21033653846153846 0.09134615384615384 0.14423076923076922
1 0.1778846153846154 0.5576923076923077 0.13221153846153846 0.18990384615384615
1 0.29447115384615385 0.234375 0.07211538461538461 0.11298076923076923
1 0.5528846153846154 0.46274038461538464 0.0673076923076923 0.09134615384615384
1 0.33774038461538464 0.1875 0.06971153846153846 0.11057692307692307
1 0.5757211538461539 0.22716346153846154 0.06490384615384616 0.09134615384615384
1 0.49759615384615385 0.2127403846153846 0.057692307692307696 0.09615384615384616
1 0.39302884615384615 0.25721153846153844 0.06009615384615385 0.09375
1 0.33052884615384615 0.5384615384615384 0.07211538461538461 0.0985576923076923
1 0.546875 0.4170673076923077 0.07451923076923077 0.0889423076923077