1 0.32211538461538464 0.3112980769230769 0.08653846153846154 0.16346153846153846
1 0.9495192307692307 0.33774038461538464 0.07211538461538461 0.13942307692307693
1 0.046875 0.3425480769230769 0.07451923076923077 0.15144230769230768
1 0.4170673076923077 0.33774038461538464 0.06971153846153846 0.125
1 0.10576923076923077 0.3557692307692308 0.0625 0.12259615384615384
1 0.8810096153846154 0.36778846153846156 0.06490384615384616 0.10817307692307693
1 0.7139423076923077 0.359375 0.0625 0.11298076923076923
1 0.5949519230769231 0.3557692307692308 0.057692307692307696 0.10576923076923077
1 0.7920673076923077 0.3605769230769231 0.052884615384615384 0.09615384615384616
1 0.27163461538461536 0.38221153846153844 0.06009615384615385 0.10817307692307693
1 0.22235576923076922 0.3557692307692308 0.04567307692307692 0.10817307692307693
1 0.016826923076923076 0.39783653846153844 0.03365384615384615 0.0985576923076923
1 0.5372596153846154 0.36177884615384615 0.04326923076923077 0.0985576923076923
1 0.45552884615384615 0.3557692307692308 0.04326923076923077 0.11538461538461539