1 0.2620192307692308 0.5408653846153846 0.0985576923076923 0.16105769230769232
1 0.17067307692307693 0.11899038461538461 0.07932692307692307 0.13942307692307693
1 0.1346153846153846 0.4651442307692308 0.11778846153846154 0.18269230769230768
1 0.31009615384615385 0.16826923076923078 0.06490384615384616 0.11057692307692307
1 0.5204326923076923 0.44350961538461536 0.06009615384615385 0.0889423076923077
1 0.36177884615384615 0.13221153846153846 0.0625 0.10576923076923077
1 0.5877403846153846 0.21754807692307693 0.057692307692307696 0.0889423076923077
1 0.5144230769230769 0.1875 0.05048076923076923 0.09375
1 0.4026442307692308 0.21153846153846154 0.052884615384615384 0.0889423076923077
1 0.28846153846153844 0.47475961538461536 0.06490384615384616 0.09375
1 0.5228365384615384 0.39783653846153844 0.06971153846153846 0.08413461538461539