1 0.9278846153846154 0.28125 0.07211538461538461 0.11057692307692307
0 0.24639423076923078 0.1658653846153846 0.09375 0.15625
0 0.8581730769230769 0.22956730769230768 0.07932692307692307 0.11778846153846154
0 0.6021634615384616 0.15625 0.09615384615384616 0.16105769230769232
0 0.10817307692307693 0.10336538461538461 0.07932692307692307 0.13221153846153846
0 0.4519230769230769 0.19951923076923078 0.07692307692307693 0.13221153846153846
0 0.34615384615384615 0.22956730769230768 0.07211538461538461 0.12259615384615384
0 0.6971153846153846 0.26322115384615385 0.07692307692307693 0.12980769230769232
1 0.7379807692307693 0.2692307692307692 0.040865384615384616 0.07932692307692307
0 0.4879807692307692 0.22956730769230768 0.04567307692307692 0.09615384615384616
0 0.06129807692307692 0.15745192307692307 0.057692307692307696 0.11057692307692307
0 0.6394230769230769 0.234375 0.057692307692307696 0.0985576923076923