0 0.026442307692307692 0.39783653846153844 0.052884615384615384 0.14182692307692307
0 0.9399038461538461 0.27403846153846156 0.08173076923076923 0.1346153846153846
0 0.18509615384615385 0.27524038461538464 0.0889423076923077 0.13221153846153846
0 0.6790865384615384 0.2536057692307692 0.08653846153846154 0.125
0 0.8064903846153846 0.22956730769230768 0.0889423076923077 0.13221153846153846
0 0.6129807692307693 0.2403846153846154 0.07692307692307693 0.125
0 0.1141826923076923 0.3269230769230769 0.07451923076923077 0.10096153846153846
0 0.7487980769230769 0.16466346153846154 0.07692307692307693 0.11057692307692307
0 0.10096153846153846 0.22596153846153846 0.07211538461538461 0.09615384615384616
0 0.5012019230769231 0.2932692307692308 0.07451923076923077 0.09615384615384616
0 0.46274038461538464 0.2283653846153846 0.06971153846153846 0.10336538461538461
0 0.5372596153846154 0.18269230769230768 0.06009615384615385 0.09134615384615384
0 0.3473557692307692 0.2403846153846154 0.08413461538461539 0.1201923076923077
0 0.28966346153846156 0.24879807692307693 0.0673076923076923 0.10336538461538461
0 0.1778846153846154 0.19110576923076922 0.055288461538461536 0.09134615384615384
0 0.16466346153846154 0.4182692307692308 0.08653846153846154 0.11538461538461539