0 0.03365384615384615 0.2980769230769231 0.055288461538461536 0.1346153846153846
0 0.9507211538461539 0.35336538461538464 0.07692307692307693 0.12740384615384615
0 0.21514423076923078 0.21153846153846154 0.07932692307692307 0.125
0 0.6971153846153846 0.2848557692307692 0.07692307692307693 0.1201923076923077
0 0.8269230769230769 0.2860576923076923 0.07932692307692307 0.125
0 0.6358173076923077 0.25961538461538464 0.06490384615384616 0.11778846153846154
0 0.13581730769230768 0.25 0.0673076923076923 0.09615384615384616
0 0.7824519230769231 0.2127403846153846 0.0673076923076923 0.10576923076923077
0 0.14302884615384615 0.14903846153846154 0.0625 0.09134615384615384
0 0.5168269230769231 0.29086538461538464 0.0673076923076923 0.09134615384615384
0 0.49278846153846156 0.21875 0.0625 0.0985576923076923
0 0.5733173076923077 0.18990384615384615 0.052884615384615384 0.08653846153846154
0 0.3786057692307692 0.2091346153846154 0.07211538461538461 0.11298076923076923
0 0.32211538461538464 0.20793269230769232 0.06009615384615385 0.0985576923076923
0 0.22235576923076922 0.12860576923076922 0.04807692307692308 0.08653846153846154
0 0.16706730769230768 0.3473557692307692 0.07692307692307693 0.10817307692307693