1 0.2283653846153846 0.5564903846153846 0.0985576923076923 0.15865384615384615
1 0.02283653846153846 0.5072115384615384 0.04567307692307692 0.15384615384615385
1 0.4639423076923077 0.4891826923076923 0.07692307692307693 0.125
1 0.2920673076923077 0.5372596153846154 0.0889423076923077 0.14903846153846154
1 0.65625 0.47836538461538464 0.06490384615384616 0.11778846153846154
1 0.37740384615384615 0.5 0.07932692307692307 0.13221153846153846
1 0.9086538461538461 0.42908653846153844 0.0673076923076923 0.0985576923076923
1 0.5877403846153846 0.48197115384615385 0.0625 0.10336538461538461
1 0.7103365384615384 0.47475961538461536 0.07211538461538461 0.10817307692307693
1 0.5829326923076923 0.4338942307692308 0.057692307692307696 0.09615384615384616
1 0.5 0.49158653846153844 0.0673076923076923 0.1201923076923077
0 0.78125 0.4699519230769231 0.08173076923076923 0.11057692307692307