1 0.3137019230769231 0.3245192307692308 0.05048076923076923 0.08653846153846154
1 0.3701923076923077 0.3641826923076923 0.052884615384615384 0.07211538461538461
0 0.9867788461538461 0.43149038461538464 0.026442307692307692 0.06009615384615385
0 0.9242788461538461 0.4483173076923077 0.036057692307692304 0.06490384615384616
0 0.8569711538461539 0.4230769230769231 0.036057692307692304 0.06490384615384616
0 0.7247596153846154 0.40865384615384615 0.038461538461538464 0.06490384615384616
0 0.6057692307692307 0.38341346153846156 0.04326923076923077 0.07451923076923077
0 0.5588942307692307 0.375 0.04567307692307692 0.07692307692307693
0 0.43149038461538464 0.35216346153846156 0.04326923076923077 0.06490384615384616
0 0.5048076923076923 0.359375 0.036057692307692304 0.0625
0 0.47596153846153844 0.38221153846153844 0.040865384615384616 0.0673076923076923