0 0.21153846153846154 0.35336538461538464 0.07451923076923077 0.1466346153846154
0 0.5048076923076923 0.33052884615384615 0.06971153846153846 0.11778846153846154
0 0.33774038461538464 0.43509615384615385 0.14423076923076922 0.22596153846153846
0 0.8677884615384616 0.39783653846153844 0.125 0.18028846153846154
0 0.6478365384615384 0.30408653846153844 0.055288461538461536 0.10096153846153846
0 0.28966346153846156 0.7584134615384616 0.23076923076923078 0.34375
0 0.8425480769230769 0.5877403846153846 0.22355769230769232 0.3245192307692308
0 0.9807692307692307 0.32572115384615385 0.019230769230769232 0.08413461538461539
0 0.6983173076923077 0.31850961538461536 0.06009615384615385 0.11298076923076923
0 0.46634615384615385 0.31971153846153844 0.05048076923076923 0.10576923076923077
0 0.2620192307692308 0.359375 0.06009615384615385 0.11298076923076923