1 0.7475961538461539 0.3112980769230769 0.055288461538461536 0.09375
1 0.6899038461538461 0.35697115384615385 0.06009615384615385 0.07932692307692307
0 0.027644230769230768 0.453125 0.038461538461538464 0.06490384615384616
0 0.09975961538461539 0.4651442307692308 0.040865384615384616 0.06971153846153846
0 0.171875 0.4375 0.040865384615384616 0.06971153846153846
0 0.3112980769230769 0.4170673076923077 0.04326923076923077 0.06971153846153846
0 0.43990384615384615 0.38461538461538464 0.04807692307692308 0.07932692307692307
0 0.4879807692307692 0.3737980769230769 0.05048076923076923 0.08413461538461539
0 0.625 0.34375 0.04807692307692308 0.06971153846153846
0 0.5456730769230769 0.35697115384615385 0.040865384615384616 0.06490384615384616
0 0.5769230769230769 0.3786057692307692 0.04567307692307692 0.07451923076923077