0 0.9951923076923077 0.3401442307692308 0.009615384615384616 0.14182692307692307
0 0.052884615384615384 0.265625 0.07932692307692307 0.13701923076923078
0 0.84375 0.2247596153846154 0.08653846153846154 0.1346153846153846
0 0.32572115384615385 0.23197115384615385 0.08653846153846154 0.12980769230769232
0 0.18990384615384615 0.21394230769230768 0.08653846153846154 0.1346153846153846
0 0.3942307692307692 0.2127403846153846 0.07211538461538461 0.12740384615384615
0 0.9206730769230769 0.2776442307692308 0.07211538461538461 0.10336538461538461
0 0.24639423076923078 0.140625 0.07451923076923077 0.11298076923076923
0 0.9290865384615384 0.16947115384615385 0.06971153846153846 0.0985576923076923
0 0.5132211538461539 0.2620192307692308 0.07451923076923077 0.0985576923076923
0 0.5504807692307693 0.19230769230769232 0.06971153846153846 0.10817307692307693
0 0.47115384615384615 0.14903846153846154 0.06009615384615385 0.09375
0 0.671875 0.19831730769230768 0.08173076923076923 0.12259615384615384
0 0.7331730769230769 0.20432692307692307 0.0673076923076923 0.10576923076923077
0 0.8473557692307693 0.13701923076923078 0.055288461538461536 0.09375
0 0.8725961538461539 0.375 0.08413461538461539 0.11778846153846154