0 0.22235576923076922 0.3401442307692308 0.06971153846153846 0.13942307692307693
0 0.5072115384615384 0.32572115384615385 0.06490384615384616 0.11298076923076923
0 0.34134615384615385 0.421875 0.13221153846153846 0.21634615384615385
0 0.859375 0.40384615384615385 0.11538461538461539 0.17307692307692307
0 0.6490384615384616 0.30528846153846156 0.052884615384615384 0.09615384615384616
0 0.28365384615384615 0.734375 0.21394230769230768 0.3293269230769231
0 0.8293269230769231 0.5877403846153846 0.2091346153846154 0.31009615384615385
0 0.9783653846153846 0.33653846153846156 0.03125 0.08413461538461539
0 0.6971153846153846 0.32091346153846156 0.055288461538461536 0.10817307692307693
0 0.4699519230769231 0.31490384615384615 0.04567307692307692 0.10096153846153846
0 0.2704326923076923 0.3473557692307692 0.055288461538461536 0.10817307692307693