1 0.1466346153846154 0.11298076923076923 0.07932692307692307 0.11778846153846154
0 0.8653846153846154 0.19230769230769232 0.10336538461538461 0.1658653846153846
0 0.23076923076923078 0.07932692307692307 0.08653846153846154 0.125
0 0.5096153846153846 0.0829326923076923 0.10576923076923077 0.1658653846153846
0 0.9891826923076923 0.17067307692307693 0.021634615384615384 0.13942307692307693
0 0.6490384615384616 0.16706730769230768 0.08413461538461539 0.13942307692307693
0 0.7463942307692307 0.22716346153846154 0.07932692307692307 0.12980769230769232
0 0.38341346153846156 0.15985576923076922 0.08413461538461539 0.13701923076923078
1 0.3401442307692308 0.15504807692307693 0.04326923076923077 0.08413461538461539
0 0.6033653846153846 0.18629807692307693 0.052884615384615384 0.10336538461538461
0 0.45072115384615385 0.14903846153846154 0.0625 0.10576923076923077