0 0.8076923076923077 0.4326923076923077 0.08173076923076923 0.11298076923076923
0 0.7127403846153846 0.38341346153846156 0.06009615384615385 0.10576923076923077
0 0.6490384615384616 0.39302884615384615 0.04807692307692308 0.0889423076923077
0 0.6766826923076923 0.390625 0.038461538461538464 0.09134615384615384
0 0.578125 0.39302884615384615 0.05048076923076923 0.09615384615384616
1 0.4362980769230769 0.4026442307692308 0.057692307692307696 0.09134615384615384
1 0.390625 0.4074519230769231 0.036057692307692304 0.07692307692307693
0 0.31490384615384615 0.42427884615384615 0.04807692307692308 0.0889423076923077
0 0.3737980769230769 0.41466346153846156 0.04326923076923077 0.07451923076923077
0 0.5084134615384616 0.3858173076923077 0.04567307692307692 0.07932692307692307
0 0.28966346153846156 0.4050480769230769 0.04326923076923077 0.07932692307692307