1 0.4362980769230769 0.4338942307692308 0.06971153846153846 0.125
1 0.9326923076923077 0.5240384615384616 0.07451923076923077 0.10336538461538461
1 0.13701923076923078 0.4567307692307692 0.05048076923076923 0.07692307692307693
1 0.5504807692307693 0.4338942307692308 0.0625 0.08413461538461539
1 0.7512019230769231 0.4375 0.03365384615384615 0.052884615384615384
1 0.71875 0.37740384615384615 0.02403846153846154 0.038461538461538464
1 0.3088942307692308 0.4110576923076923 0.057692307692307696 0.07692307692307693
1 0.2620192307692308 0.4795673076923077 0.05048076923076923 0.08653846153846154
1 0.4026442307692308 0.4411057692307692 0.03125 0.06490384615384616
1 0.6021634615384616 0.40865384615384615 0.036057692307692304 0.052884615384615384
1 0.375 0.3918269230769231 0.02403846153846154 0.04567307692307692
1 0.4987980769230769 0.39302884615384615 0.026442307692307692 0.03125
0 0.07572115384615384 0.4639423076923077 0.057692307692307696 0.10096153846153846
0 0.6189903846153846 0.4411057692307692 0.05048076923076923 0.08413461538461539
0 0.49038461538461536 0.42908653846153844 0.03365384615384615 0.055288461538461536
0 0.7872596153846154 0.3762019230769231 0.016826923076923076 0.03125
1 0.6538461538461539 0.3605769230769231 0.021634615384615384 0.038461538461538464
1 0.6177884615384616 0.31490384615384615 0.02403846153846154 0.040865384615384616