0 0.75 0.30288461538461536 0.07211538461538461 0.14182692307692307
0 0.46274038461538464 0.3245192307692308 0.0673076923076923 0.11538461538461539
0 0.640625 0.40024038461538464 0.13942307692307693 0.21875
0 0.1201923076923077 0.44471153846153844 0.1201923076923077 0.17548076923076922
0 0.31850961538461536 0.31971153846153844 0.052884615384615384 0.0985576923076923
0 0.7355769230769231 0.7067307692307693 0.22115384615384615 0.33413461538461536
0 0.17307692307692307 0.625 0.21634615384615385 0.3173076923076923
0 0.003605769230769231 0.390625 0.007211538461538462 0.08413461538461539
0 0.27163461538461536 0.3425480769230769 0.057692307692307696 0.11057692307692307
0 0.4987980769230769 0.3076923076923077 0.04807692307692308 0.10336538461538461
0 0.7019230769230769 0.31490384615384615 0.057692307692307696 0.11057692307692307