1 0.7692307692307693 0.515625 0.08173076923076923 0.14903846153846154
1 0.9711538461538461 0.4519230769230769 0.057692307692307696 0.14903846153846154
1 0.5360576923076923 0.47115384615384615 0.06490384615384616 0.11778846153846154
1 0.7043269230769231 0.5036057692307693 0.07451923076923077 0.13942307692307693
1 0.35216346153846156 0.47716346153846156 0.052884615384615384 0.10817307692307693
1 0.6201923076923077 0.4735576923076923 0.06490384615384616 0.12259615384615384
1 0.10697115384615384 0.45072115384615385 0.057692307692307696 0.09134615384615384
1 0.4182692307692308 0.47475961538461536 0.052884615384615384 0.09615384615384616
1 0.3004807692307692 0.47836538461538464 0.06009615384615385 0.10096153846153846
1 0.4182692307692308 0.42788461538461536 0.04807692307692308 0.09134615384615384
1 0.5024038461538461 0.47596153846153844 0.055288461538461536 0.11298076923076923
0 0.23197115384615385 0.4795673076923077 0.07211538461538461 0.10096153846153846