1 0.7584134615384616 0.5516826923076923 0.09134615384615384 0.14903846153846154
1 0.9627403846153846 0.5036057692307693 0.07451923076923077 0.1466346153846154
1 0.5324519230769231 0.49278846153846156 0.06971153846153846 0.11778846153846154
1 0.6971153846153846 0.5348557692307693 0.08173076923076923 0.13942307692307693
1 0.35216346153846156 0.4855769230769231 0.06009615384615385 0.11057692307692307
1 0.6153846153846154 0.5 0.07451923076923077 0.12259615384615384
1 0.11298076923076923 0.4423076923076923 0.0625 0.09134615384615384
1 0.4170673076923077 0.4879807692307692 0.057692307692307696 0.0985576923076923
1 0.29927884615384615 0.4831730769230769 0.06490384615384616 0.10096153846153846
1 0.41947115384615385 0.4423076923076923 0.052884615384615384 0.09134615384615384
1 0.5 0.4951923076923077 0.0625 0.11298076923076923
0 0.23317307692307693 0.4795673076923077 0.07692307692307693 0.10336538461538461