0 0.16346153846153846 0.4831730769230769 0.08173076923076923 0.11057692307692307
0 0.24639423076923078 0.4182692307692308 0.057692307692307696 0.10576923076923077
0 0.3088942307692308 0.41466346153846156 0.04567307692307692 0.08653846153846154
0 0.28125 0.41947115384615385 0.038461538461538464 0.0889423076923077
0 0.3786057692307692 0.40024038461538464 0.05048076923076923 0.09375
1 0.5192307692307693 0.38341346153846156 0.057692307692307696 0.09134615384615384
1 0.5637019230769231 0.3798076923076923 0.03365384615384615 0.07692307692307693
0 0.6430288461538461 0.38100961538461536 0.04567307692307692 0.08653846153846154
0 0.5829326923076923 0.38341346153846156 0.04326923076923077 0.07451923076923077
0 0.44471153846153844 0.38100961538461536 0.04326923076923077 0.07932692307692307
0 0.6634615384615384 0.359375 0.040865384615384616 0.07932692307692307