1 0.5625 0.4326923076923077 0.06971153846153846 0.12259615384615384
1 0.0673076923076923 0.53125 0.07451923076923077 0.10096153846153846
1 0.8629807692307693 0.45072115384615385 0.05048076923076923 0.07692307692307693
1 0.4483173076923077 0.43509615384615385 0.0625 0.08413461538461539
1 0.24759615384615385 0.4423076923076923 0.03365384615384615 0.052884615384615384
1 0.27884615384615385 0.38100961538461536 0.02403846153846154 0.036057692307692304
1 0.6887019230769231 0.4074519230769231 0.055288461538461536 0.07692307692307693
1 0.7367788461538461 0.47475961538461536 0.04807692307692308 0.08653846153846154
1 0.5961538461538461 0.4387019230769231 0.03125 0.06490384615384616
1 0.39663461538461536 0.4098557692307692 0.036057692307692304 0.052884615384615384
1 0.6225961538461539 0.3894230769230769 0.02403846153846154 0.04567307692307692
1 0.5 0.39302884615384615 0.026442307692307692 0.03125
0 0.9230769230769231 0.45552884615384615 0.055288461538461536 0.10096153846153846
0 0.3798076923076923 0.44350961538461536 0.04807692307692308 0.08173076923076923
0 0.5084134615384616 0.42908653846153844 0.03365384615384615 0.055288461538461536
0 0.21033653846153846 0.38100961538461536 0.016826923076923076 0.03125
1 0.34375 0.3629807692307692 0.019230769230769232 0.038461538461538464
1 0.3786057692307692 0.3161057692307692 0.02403846153846154 0.038461538461538464