0 0.12980769230769232 0.4651442307692308 0.06971153846153846 0.09615384615384616
0 0.2091346153846154 0.49038461538461536 0.0625 0.08413461538461539
0 0.27163461538461536 0.48197115384615385 0.055288461538461536 0.07692307692307693
0 0.35336538461538464 0.4951923076923077 0.04807692307692308 0.08173076923076923
0 0.43990384615384615 0.4879807692307692 0.057692307692307696 0.07692307692307693
0 0.5072115384615384 0.546875 0.052884615384615384 0.07451923076923077
0 0.5733173076923077 0.5324519230769231 0.05048076923076923 0.06971153846153846
0 0.9254807692307693 0.5793269230769231 0.052884615384615384 0.07692307692307693
0 0.8173076923076923 0.5444711538461539 0.052884615384615384 0.06971153846153846
0 0.8569711538461539 0.5841346153846154 0.057692307692307696 0.07451923076923077
0 0.7740384615384616 0.5889423076923077 0.05048076923076923 0.06490384615384616
0 0.6237980769230769 0.5276442307692307 0.05048076923076923 0.06971153846153846
0 0.6706730769230769 0.5552884615384616 0.055288461538461536 0.07451923076923077
0 0.7211538461538461 0.5721153846153846 0.05048076923076923 0.06971153846153846