1 0.640625 0.41225961538461536 0.07451923076923077 0.125
1 0.9603365384615384 0.4831730769230769 0.05048076923076923 0.0985576923076923
1 0.5793269230769231 0.42427884615384615 0.06009615384615385 0.10336538461538461
1 0.2668269230769231 0.35216346153846156 0.057692307692307696 0.08653846153846154
1 0.921875 0.47475961538461536 0.055288461538461536 0.07932692307692307
1 0.9867788461538461 0.49399038461538464 0.026442307692307692 0.09375
1 0.8449519230769231 0.46274038461538464 0.040865384615384616 0.06971153846153846
1 0.8100961538461539 0.4795673076923077 0.057692307692307696 0.08173076923076923
1 0.7391826923076923 0.4675480769230769 0.057692307692307696 0.07932692307692307
1 0.4987980769230769 0.4098557692307692 0.0673076923076923 0.08413461538461539
1 0.42908653846153844 0.39663461538461536 0.055288461538461536 0.07932692307692307
1 0.34375 0.3449519230769231 0.052884615384615384 0.09375
1 0.3076923076923077 0.3329326923076923 0.04807692307692308 0.09134615384615384
1 0.22235576923076922 0.3389423076923077 0.06009615384615385 0.0985576923076923