0 0.9891826923076923 0.5564903846153846 0.021634615384615384 0.12740384615384615
0 0.96875 0.4879807692307692 0.0625 0.10576923076923077
0 0.7572115384615384 0.49278846153846156 0.08653846153846154 0.11538461538461539
0 0.8173076923076923 0.6790865384615384 0.17548076923076922 0.25
0 0.3942307692307692 0.5925480769230769 0.09615384615384616 0.15625
0 0.3449519230769231 0.5576923076923077 0.0625 0.12259615384615384
0 0.671875 0.47475961538461536 0.057692307692307696 0.09375
0 0.5576923076923077 0.4891826923076923 0.04807692307692308 0.07932692307692307
0 0.45552884615384615 0.47836538461538464 0.055288461538461536 0.07451923076923077
0 0.26802884615384615 0.5180288461538461 0.055288461538461536 0.0889423076923077
0 0.13341346153846154 0.5685096153846154 0.07692307692307693 0.12259615384615384
0 0.08052884615384616 0.5661057692307693 0.06971153846153846 0.10817307692307693