1 0.6141826923076923 0.3701923076923077 0.0673076923076923 0.1201923076923077
1 0.9326923076923077 0.3557692307692308 0.04567307692307692 0.09375
1 0.5600961538461539 0.3954326923076923 0.052884615384615384 0.0985576923076923
1 0.24879807692307693 0.4074519230769231 0.052884615384615384 0.08173076923076923
1 0.8930288461538461 0.3581730769230769 0.04807692307692308 0.07451923076923077
1 0.9711538461538461 0.35697115384615385 0.04326923076923077 0.09134615384615384
1 0.8197115384615384 0.36658653846153844 0.036057692307692304 0.0673076923076923
1 0.7908653846153846 0.390625 0.052884615384615384 0.07692307692307693
1 0.7199519230769231 0.39663461538461536 0.05048076923076923 0.07451923076923077
1 0.4795673076923077 0.4026442307692308 0.0625 0.07932692307692307
1 0.41225961538461536 0.40865384615384615 0.04807692307692308 0.07451923076923077
1 0.31850961538461536 0.38100961538461536 0.04807692307692308 0.0889423076923077
1 0.2824519230769231 0.3786057692307692 0.040865384615384616 0.0889423076923077
1 0.20432692307692307 0.40625 0.052884615384615384 0.09134615384615384