0 0.13822115384615385 0.2644230769230769 0.10336538461538461 0.1778846153846154
0 0.5576923076923077 0.38100961538461536 0.09134615384615384 0.18269230769230768
0 0.7944711538461539 0.3894230769230769 0.10336538461538461 0.2091346153846154
0 0.9807692307692307 0.5276442307692307 0.038461538461538464 0.17548076923076922
0 0.8581730769230769 0.38221153846153844 0.08653846153846154 0.1658653846153846
0 0.26322115384615385 0.24278846153846154 0.12740384615384615 0.22596153846153846
0 0.45913461538461536 0.3545673076923077 0.125 0.22596153846153846
0 0.04807692307692308 0.30408653846153844 0.07451923076923077 0.1346153846153846
0 0.30649038461538464 0.30528846153846156 0.08653846153846154 0.19230769230769232
0 0.6826923076923077 0.34375 0.1201923076923077 0.2283653846153846
0 0.9615384615384616 0.46033653846153844 0.0673076923076923 0.1658653846153846