0 0.07211538461538461 0.35096153846153844 0.10817307692307693 0.18028846153846154
0 0.5072115384615384 0.3629807692307692 0.09615384615384616 0.18509615384615385
0 0.7391826923076923 0.3137019230769231 0.11057692307692307 0.21153846153846154
0 0.9663461538461539 0.39903846153846156 0.0673076923076923 0.1778846153846154
0 0.7992788461538461 0.29086538461538464 0.09134615384615384 0.1658653846153846
0 0.18870192307692307 0.29927884615384615 0.1346153846153846 0.2283653846153846
0 0.40625 0.3605769230769231 0.13221153846153846 0.2283653846153846
0 0.016826923076923076 0.40865384615384615 0.03365384615384615 0.1346153846153846
0 0.24639423076923078 0.34975961538461536 0.09134615384615384 0.19471153846153846
0 0.6189903846153846 0.296875 0.12740384615384615 0.23076923076923078
0 0.9182692307692307 0.34134615384615385 0.07211538461538461 0.16826923076923078