0 0.9867788461538461 0.5396634615384616 0.026442307692307692 0.12740384615384615
0 0.9663461538461539 0.4735576923076923 0.0673076923076923 0.10576923076923077
0 0.7536057692307693 0.4855769230769231 0.0889423076923077 0.11538461538461539
0 0.8209134615384616 0.6682692307692307 0.18028846153846154 0.25240384615384615
0 0.39783653846153844 0.5973557692307693 0.10096153846153846 0.15865384615384615
0 0.3485576923076923 0.5637019230769231 0.0673076923076923 0.12259615384615384
0 0.6694711538461539 0.4699519230769231 0.06009615384615385 0.09375
0 0.5564903846153846 0.4879807692307692 0.05048076923076923 0.07932692307692307
0 0.45552884615384615 0.48197115384615385 0.057692307692307696 0.07692307692307693
0 0.2704326923076923 0.5276442307692307 0.057692307692307696 0.0889423076923077
0 0.13942307692307693 0.5817307692307693 0.08173076923076923 0.12259615384615384
0 0.08653846153846154 0.5817307692307693 0.07211538461538461 0.10817307692307693