0 0.1502403846153846 0.48677884615384615 0.052884615384615384 0.08173076923076923
0 0.22716346153846154 0.49759615384615385 0.04807692307692308 0.07211538461538461
0 0.28365384615384615 0.4807692307692308 0.040865384615384616 0.0673076923076923
0 0.3605769230769231 0.4807692307692308 0.03365384615384615 0.07211538461538461
0 0.4387019230769231 0.46153846153846156 0.04326923076923077 0.0673076923076923
0 0.5096153846153846 0.5072115384615384 0.038461538461538464 0.0625
0 0.5673076923076923 0.4831730769230769 0.038461538461538464 0.06009615384615385
0 0.8978365384615384 0.47475961538461536 0.038461538461538464 0.0673076923076923
0 0.7932692307692307 0.45913461538461536 0.038461538461538464 0.06009615384615385
0 0.8353365384615384 0.49038461538461536 0.04567307692307692 0.0625
0 0.7608173076923077 0.5060096153846154 0.038461538461538464 0.055288461538461536
0 0.6129807692307693 0.4723557692307692 0.038461538461538464 0.06009615384615385
0 0.6610576923076923 0.49038461538461536 0.040865384615384616 0.0625
0 0.7103365384615384 0.49759615384615385 0.038461538461538464 0.06009615384615385