0 0.10336538461538461 0.35216346153846156 0.10817307692307693 0.17067307692307693
0 0.5120192307692307 0.3485576923076923 0.09615384615384616 0.17548076923076922
0 0.7283653846153846 0.29447115384615385 0.11057692307692307 0.19951923076923078
0 0.9543269230769231 0.36899038461538464 0.08653846153846154 0.17067307692307693
0 0.7860576923076923 0.27163461538461536 0.09134615384615384 0.15865384615384615
0 0.21033653846153846 0.3004807692307692 0.13221153846153846 0.21634615384615385
0 0.41586538461538464 0.34975961538461536 0.13221153846153846 0.21634615384615385
0 0.03365384615384615 0.4110576923076923 0.0673076923076923 0.12980769230769232
0 0.265625 0.34615384615384615 0.09134615384615384 0.18269230769230768
0 0.6165865384615384 0.28125 0.125 0.21875
0 0.8990384615384616 0.31490384615384615 0.07451923076923077 0.15865384615384615