0 0.03125 0.6850961538461539 0.036057692307692304 0.12980769230769232
0 0.038461538461538464 0.609375 0.06971153846153846 0.11057692307692307
0 0.2512019230769231 0.5564903846153846 0.09615384615384616 0.12259615384615384
0 0.23918269230769232 0.7608173076923077 0.19471153846153846 0.2644230769230769
0 0.640625 0.5588942307692307 0.10817307692307693 0.1658653846153846
0 0.6802884615384616 0.5120192307692307 0.07211538461538461 0.12980769230769232
0 0.33052884615384615 0.515625 0.06490384615384616 0.0985576923076923
0 0.4483173076923077 0.5 0.052884615384615384 0.08413461538461539
0 0.5492788461538461 0.46153846153846156 0.0625 0.07932692307692307
0 0.7475961538461539 0.45072115384615385 0.0625 0.09615384615384616
0 0.8966346153846154 0.46634615384615385 0.08653846153846154 0.12980769230769232
0 0.9483173076923077 0.4483173076923077 0.07692307692307693 0.11538461538461539