0 0.14302884615384615 0.3389423076923077 0.07692307692307693 0.10336538461538461
0 0.41947115384615385 0.30288461538461536 0.0673076923076923 0.10817307692307693
0 0.33533653846153844 0.4014423076923077 0.12259615384615384 0.16105769230769232
0 0.27283653846153844 0.3004807692307692 0.07211538461538461 0.09615384615384616
0 0.6887019230769231 0.3076923076923077 0.06490384615384616 0.10096153846153846
0 0.05889423076923077 0.4519230769230769 0.11778846153846154 0.18990384615384615
0 0.8149038461538461 0.3485576923076923 0.06490384615384616 0.10576923076923077
0 0.5576923076923077 0.3016826923076923 0.06971153846153846 0.10817307692307693
0 0.6358173076923077 0.44350961538461536 0.1346153846153846 0.16826923076923078
0 0.038461538461538464 0.3485576923076923 0.07451923076923077 0.12740384615384615
0 0.9711538461538461 0.3329326923076923 0.057692307692307696 0.11778846153846154
0 0.859375 0.2920673076923077 0.04567307692307692 0.09134615384615384
0 0.96875 0.42908653846153844 0.0625 0.17548076923076922