0 0.1658653846153846 0.41466346153846156 0.06971153846153846 0.09615384615384616
0 0.24639423076923078 0.4375 0.06009615384615385 0.08413461538461539
0 0.3088942307692308 0.42788461538461536 0.052884615384615384 0.07692307692307693
0 0.390625 0.43990384615384615 0.04807692307692308 0.08173076923076923
0 0.47716346153846156 0.43149038461538464 0.055288461538461536 0.07692307692307693
0 0.5456730769230769 0.4891826923076923 0.05048076923076923 0.07451923076923077
0 0.6105769230769231 0.47475961538461536 0.04807692307692308 0.06971153846153846
0 0.9639423076923077 0.5144230769230769 0.05048076923076923 0.07692307692307693
0 0.8545673076923077 0.4807692307692308 0.05048076923076923 0.06971153846153846
0 0.8954326923076923 0.5216346153846154 0.057692307692307696 0.07451923076923077
0 0.8125 0.5252403846153846 0.05048076923076923 0.06490384615384616
0 0.6610576923076923 0.46875 0.04807692307692308 0.06971153846153846
0 0.7079326923076923 0.4951923076923077 0.052884615384615384 0.07451923076923077
0 0.7596153846153846 0.5096153846153846 0.04807692307692308 0.06971153846153846