1 0.609375 0.37740384615384615 0.0673076923076923 0.125
1 0.9483173076923077 0.3737980769230769 0.04567307692307692 0.10096153846153846
1 0.5504807692307693 0.4026442307692308 0.052884615384615384 0.10336538461538461
1 0.22115384615384615 0.40384615384615385 0.052884615384615384 0.08413461538461539
1 0.90625 0.3737980769230769 0.05048076923076923 0.07692307692307693
1 0.9807692307692307 0.3786057692307692 0.03125 0.09615384615384616
1 0.8269230769230769 0.3798076923076923 0.036057692307692304 0.06971153846153846
1 0.7956730769230769 0.40625 0.052884615384615384 0.08173076923076923
1 0.7199519230769231 0.4098557692307692 0.052884615384615384 0.07692307692307693
1 0.4675480769230769 0.4074519230769231 0.0625 0.08173076923076923
1 0.3942307692307692 0.4098557692307692 0.05048076923076923 0.07692307692307693
1 0.2956730769230769 0.3786057692307692 0.04807692307692308 0.09375
1 0.25721153846153844 0.375 0.040865384615384616 0.09134615384615384
1 0.17427884615384615 0.4014423076923077 0.052884615384615384 0.09615384615384616