0 0.35697115384615385 0.296875 0.10576923076923077 0.15865384615384615
0 0.11778846153846154 0.171875 0.1201923076923077 0.17548076923076922
0 0.9639423076923077 0.31850961538461536 0.07211538461538461 0.18509615384615385
0 0.5865384615384616 0.2776442307692308 0.08173076923076923 0.1346153846153846
0 0.5012019230769231 0.265625 0.06490384615384616 0.11538461538461539
0 0.32091346153846156 0.19591346153846154 0.07211538461538461 0.11778846153846154
0 0.7896634615384616 0.27163461538461536 0.07932692307692307 0.125
0 0.7487980769230769 0.24519230769230768 0.06009615384615385 0.11057692307692307
0 0.5516826923076923 0.1935096153846154 0.057692307692307696 0.11538461538461539
0 0.4254807692307692 0.20552884615384615 0.057692307692307696 0.0985576923076923
0 0.24639423076923078 0.16346153846153846 0.06009615384615385 0.09134615384615384
0 0.3713942307692308 0.203125 0.04567307692307692 0.07692307692307693
0 0.9074519230769231 0.2692307692307692 0.04567307692307692 0.06971153846153846
0 0.8329326923076923 0.2668269230769231 0.04326923076923077 0.07932692307692307