0 0.8341346153846154 0.296875 0.0889423076923077 0.11057692307692307
0 0.5564903846153846 0.29447115384615385 0.07932692307692307 0.11538461538461539
0 0.6514423076923077 0.38221153846153844 0.13942307692307693 0.17307692307692307
0 0.7007211538461539 0.27403846153846156 0.08173076923076923 0.10336538461538461
0 0.28966346153846156 0.3317307692307692 0.07692307692307693 0.10817307692307693
0 0.9314903846153846 0.39663461538461536 0.13701923076923078 0.20192307692307693
0 0.16826923076923078 0.3870192307692308 0.07692307692307693 0.11298076923076923
0 0.4182692307692308 0.31009615384615385 0.08173076923076923 0.11538461538461539
0 0.3581730769230769 0.46033653846153844 0.15384615384615385 0.18269230769230768
0 0.9399038461538461 0.2932692307692308 0.0889423076923077 0.1346153846153846
0 0.02283653846153846 0.3918269230769231 0.04567307692307692 0.125
0 0.11778846153846154 0.33774038461538464 0.057692307692307696 0.09615384615384616
0 0.03365384615384615 0.4879807692307692 0.0673076923076923 0.18269230769230768