1 0.16947115384615385 0.48677884615384615 0.0625 0.0985576923076923
1 0.40625 0.42908653846153844 0.06009615384615385 0.10096153846153846
0 0.054086538461538464 0.5096153846153846 0.10817307692307693 0.18269230769230768
0 0.7115384615384616 0.42788461538461536 0.06490384615384616 0.10096153846153846
0 0.5108173076923077 0.4519230769230769 0.06971153846153846 0.10096153846153846
0 0.6526442307692307 0.4362980769230769 0.040865384615384616 0.06009615384615385
0 0.9302884615384616 0.42788461538461536 0.0673076923076923 0.08413461538461539
1 0.8233173076923077 0.4254807692307692 0.04807692307692308 0.0625
1 0.3449519230769231 0.4639423076923077 0.036057692307692304 0.0673076923076923
1 0.32211538461538464 0.4735576923076923 0.036057692307692304 0.06009615384615385
1 0.36778846153846156 0.46153846153846156 0.03125 0.06009615384615385
0 0.4579326923076923 0.4567307692307692 0.03125 0.06490384615384616
0 0.5552884615384616 0.4338942307692308 0.040865384615384616 0.057692307692307696
0 0.6081730769230769 0.4567307692307692 0.036057692307692304 0.052884615384615384