1 0.12740384615384615 0.39663461538461536 0.06971153846153846 0.12740384615384615
1 0.17427884615384615 0.3701923076923077 0.06009615384615385 0.11778846153846154
1 0.21995192307692307 0.39302884615384615 0.04567307692307692 0.07692307692307693
1 0.3425480769230769 0.39663461538461536 0.057692307692307696 0.11298076923076923
1 0.41466346153846156 0.34134615384615385 0.057692307692307696 0.10336538461538461
1 0.5192307692307693 0.3485576923076923 0.06009615384615385 0.09375
1 0.5588942307692307 0.29086538461538464 0.055288461538461536 0.10096153846153846
1 0.6262019230769231 0.25 0.052884615384615384 0.10576923076923077
1 0.6009615384615384 0.25600961538461536 0.04567307692307692 0.09134615384615384
1 0.7259615384615384 0.24759615384615385 0.0625 0.11057692307692307
1 0.7776442307692307 0.23076923076923078 0.057692307692307696 0.12259615384615384