1 0.4543269230769231 0.3641826923076923 0.08653846153846154 0.15384615384615385
1 0.9302884615384616 0.39663461538461536 0.10576923076923077 0.1875
1 0.3942307692307692 0.38341346153846156 0.0625 0.1201923076923077
1 0.03245192307692308 0.37740384615384615 0.0625 0.15865384615384615
1 0.17548076923076922 0.35096153846153844 0.07692307692307693 0.1346153846153846
1 0.7067307692307693 0.36778846153846156 0.09134615384615384 0.17307692307692307
1 0.5 0.3425480769230769 0.07692307692307693 0.13701923076923078
1 0.11057692307692307 0.3894230769230769 0.0625 0.10576923076923077
1 0.2512019230769231 0.390625 0.038461538461538464 0.08173076923076923
1 0.29927884615384615 0.3858173076923077 0.052884615384615384 0.10576923076923077
0 0.7608173076923077 0.4170673076923077 0.07211538461538461 0.11538461538461539