1 0.8088942307692307 0.5492788461538461 0.07211538461538461 0.11057692307692307
1 0.5528846153846154 0.47716346153846156 0.0673076923076923 0.11057692307692307
0 0.9350961538461539 0.578125 0.12980769230769232 0.19951923076923078
0 0.22235576923076922 0.46274038461538464 0.07451923076923077 0.11298076923076923
0 0.43990384615384615 0.4963942307692308 0.07692307692307693 0.11057692307692307
0 0.2860576923076923 0.47475961538461536 0.04567307692307692 0.06490384615384616
0 0.010817307692307692 0.45913461538461536 0.021634615384615384 0.08653846153846154
1 0.10096153846153846 0.4567307692307692 0.052884615384615384 0.06971153846153846
1 0.6177884615384616 0.5168269230769231 0.040865384615384616 0.07211538461538461
1 0.6430288461538461 0.5276442307692307 0.040865384615384616 0.0673076923076923
1 0.5925480769230769 0.5132211538461539 0.036057692307692304 0.06490384615384616
0 0.4951923076923077 0.5036057692307693 0.036057692307692304 0.07211538461538461
0 0.39302884615384615 0.47596153846153844 0.04326923076923077 0.0625
0 0.33413461538461536 0.49759615384615385 0.040865384615384616 0.057692307692307696