0 0.8629807692307693 0.21754807692307693 0.10817307692307693 0.1466346153846154
0 0.703125 0.21875 0.10817307692307693 0.17307692307692307
0 0.9807692307692307 0.296875 0.038461538461538464 0.21394230769230768
0 0.6141826923076923 0.22235576923076922 0.08653846153846154 0.13221153846153846
0 0.9663461538461539 0.27884615384615385 0.0673076923076923 0.18269230769230768
0 0.828125 0.35336538461538464 0.125 0.19951923076923078
0 0.5276442307692307 0.23317307692307693 0.07692307692307693 0.12259615384615384
0 0.4375 0.2091346153846154 0.08413461538461539 0.11057692307692307
0 0.24278846153846154 0.1935096153846154 0.0625 0.11538461538461539
0 0.3425480769230769 0.22235576923076922 0.07211538461538461 0.11778846153846154
0 0.11899038461538461 0.13942307692307693 0.07211538461538461 0.10817307692307693
0 0.15745192307692307 0.1935096153846154 0.055288461538461536 0.0889423076923077
0 0.21875 0.1814903846153846 0.04807692307692308 0.09615384615384616
0 0.6634615384615384 0.28966346153846156 0.06490384615384616 0.11298076923076923
0 0.7560096153846154 0.24158653846153846 0.06971153846153846 0.1346153846153846