1 0.019230769230769232 0.33774038461538464 0.038461538461538464 0.12259615384615384
1 0.35096153846153844 0.35336538461538464 0.04807692307692308 0.08173076923076923
0 0.14302884615384615 0.4026442307692308 0.07692307692307693 0.1201923076923077
0 0.5 0.33533653846153844 0.07932692307692307 0.12740384615384615
0 0.9519230769230769 0.3112980769230769 0.0889423076923077 0.13942307692307693
0 0.6129807692307693 0.3401442307692308 0.06490384615384616 0.11298076923076923
0 0.28725961538461536 0.40384615384615385 0.06971153846153846 0.11298076923076923
0 0.8870192307692307 0.3545673076923077 0.06009615384615385 0.10096153846153846
1 0.3161057692307692 0.34975961538461536 0.04567307692307692 0.08413461538461539
1 0.7548076923076923 0.3125 0.04807692307692308 0.08413461538461539
1 0.6983173076923077 0.33052884615384615 0.05048076923076923 0.0889423076923077
1 0.5456730769230769 0.2932692307692308 0.05048076923076923 0.09615384615384616
1 0.65625 0.29927884615384615 0.06490384615384616 0.10096153846153846