1 0.171875 0.32211538461538464 0.07932692307692307 0.13221153846153846
1 0.22115384615384615 0.30408653846153844 0.06971153846153846 0.12259615384615384
1 0.2620192307692308 0.33413461538461536 0.05048076923076923 0.07932692307692307
1 0.38100961538461536 0.3581730769230769 0.0673076923076923 0.11538461538461539
1 0.46153846153846156 0.3173076923076923 0.0673076923076923 0.10576923076923077
1 0.5612980769230769 0.34375 0.0673076923076923 0.09615384615384616
1 0.609375 0.2932692307692308 0.06490384615384616 0.10336538461538461
1 0.6826923076923077 0.265625 0.0625 0.10817307692307693
1 0.6550480769230769 0.265625 0.052884615384615384 0.09375
1 0.7800480769230769 0.28125 0.07211538461538461 0.11298076923076923
1 0.8329326923076923 0.27283653846153844 0.0673076923076923 0.125