0 0.23076923076923078 0.1875 0.10336538461538461 0.13701923076923078
0 0.3858173076923077 0.1935096153846154 0.0985576923076923 0.1658653846153846
0 0.06370192307692307 0.26322115384615385 0.12740384615384615 0.2091346153846154
0 0.47115384615384615 0.20072115384615385 0.07932692307692307 0.125
0 0.11298076923076923 0.24278846153846154 0.09134615384615384 0.17307692307692307
0 0.25841346153846156 0.31850961538461536 0.11538461538461539 0.18990384615384615
0 0.5528846153846154 0.2127403846153846 0.07211538461538461 0.11538461538461539
0 0.640625 0.1935096153846154 0.07932692307692307 0.10336538461538461
0 0.8293269230769231 0.18509615384615385 0.055288461538461536 0.11057692307692307
0 0.7319711538461539 0.2091346153846154 0.06490384615384616 0.11057692307692307
0 0.9399038461538461 0.13822115384615385 0.040865384615384616 0.09615384615384616
0 0.9122596153846154 0.18629807692307693 0.05048076923076923 0.08413461538461539
0 0.8521634615384616 0.17427884615384615 0.04567307692307692 0.09375
0 0.41947115384615385 0.26322115384615385 0.06009615384615385 0.10817307692307693
0 0.3329326923076923 0.2127403846153846 0.0625 0.12980769230769232