0 0.8028846153846154 0.17548076923076922 0.0985576923076923 0.1346153846153846
0 0.6526442307692307 0.1814903846153846 0.0985576923076923 0.16105769230769232
0 0.9507211538461539 0.25 0.0985576923076923 0.20673076923076922
0 0.5697115384615384 0.18870192307692307 0.07692307692307693 0.12259615384615384
0 0.9182692307692307 0.23076923076923078 0.09134615384615384 0.17067307692307693
0 0.7764423076923077 0.30528846153846156 0.11298076923076923 0.18509615384615385
0 0.4879807692307692 0.20192307692307693 0.06971153846153846 0.11298076923076923
0 0.4026442307692308 0.18269230769230768 0.07692307692307693 0.10096153846153846
0 0.21875 0.17548076923076922 0.055288461538461536 0.10817307692307693
0 0.31490384615384615 0.1971153846153846 0.0625 0.10817307692307693
0 0.10096153846153846 0.12860576923076922 0.06490384615384616 0.10096153846153846
0 0.13822115384615385 0.17548076923076922 0.05048076923076923 0.08173076923076923
0 0.19591346153846154 0.16346153846153846 0.04326923076923077 0.09134615384615384
0 0.6189903846153846 0.25240384615384615 0.06009615384615385 0.10576923076923077
0 0.703125 0.20192307692307693 0.0625 0.12740384615384615