1 0.5096153846153846 0.40625 0.10336538461538461 0.16105769230769232
1 0.05889423076923077 0.5036057692307693 0.11778846153846154 0.19471153846153846
1 0.5709134615384616 0.4170673076923077 0.07932692307692307 0.125
1 0.9362980769230769 0.359375 0.11778846153846154 0.16826923076923078
1 0.7788461538461539 0.35697115384615385 0.09134615384615384 0.13942307692307693
1 0.2668269230769231 0.44471153846153844 0.11057692307692307 0.1778846153846154
1 0.46274038461538464 0.3918269230769231 0.09375 0.14182692307692307
1 0.8461538461538461 0.38341346153846156 0.07692307692307693 0.11057692307692307
1 0.9759615384615384 0.38461538461538464 0.04326923076923077 0.1346153846153846
1 0.7103365384615384 0.4050480769230769 0.04567307692307692 0.08413461538461539
1 0.6634615384615384 0.40625 0.0673076923076923 0.10817307692307693
0 0.22115384615384615 0.4987980769230769 0.08413461538461539 0.1201923076923077