1 0.09014423076923077 0.24759615384615385 0.08173076923076923 0.1201923076923077
1 0.41346153846153844 0.3076923076923077 0.05048076923076923 0.07932692307692307
0 0.21514423076923078 0.32572115384615385 0.07932692307692307 0.11538461538461539
0 0.5552884615384616 0.31009615384615385 0.08173076923076923 0.12259615384615384
0 0.9651442307692307 0.34615384615384615 0.06971153846153846 0.1346153846153846
0 0.6586538461538461 0.3293269230769231 0.0673076923076923 0.11057692307692307
0 0.3485576923076923 0.34615384615384615 0.07211538461538461 0.11057692307692307
0 0.9110576923076923 0.37740384615384615 0.0625 0.0985576923076923
1 0.38100961538461536 0.3004807692307692 0.04807692307692308 0.08173076923076923
1 0.7932692307692307 0.32091346153846156 0.05048076923076923 0.08173076923076923
1 0.7391826923076923 0.3317307692307692 0.055288461538461536 0.08653846153846154
1 0.6021634615384616 0.2764423076923077 0.055288461538461536 0.09134615384615384
1 0.7043269230769231 0.2980769230769231 0.0673076923076923 0.0985576923076923