1 0.4987980769230769 0.390625 0.09615384615384616 0.15144230769230768
1 0.05889423076923077 0.4675480769230769 0.11538461538461539 0.18269230769230768
1 0.5564903846153846 0.40384615384615385 0.07211538461538461 0.11778846153846154
1 0.9122596153846154 0.3605769230769231 0.11057692307692307 0.15865384615384615
1 0.7572115384615384 0.35096153846153844 0.08413461538461539 0.13221153846153846
1 0.2644230769230769 0.4182692307692308 0.10096153846153846 0.17067307692307693
1 0.4543269230769231 0.375 0.08653846153846154 0.1346153846153846
1 0.8221153846153846 0.3798076923076923 0.06971153846153846 0.10336538461538461
1 0.9615384615384616 0.38341346153846156 0.06490384615384616 0.1346153846153846
1 0.6911057692307693 0.3954326923076923 0.04326923076923077 0.07932692307692307
1 0.6466346153846154 0.3954326923076923 0.06009615384615385 0.10336538461538461
0 0.21875 0.46875 0.07692307692307693 0.11298076923076923