1 0.12740384615384615 0.4326923076923077 0.08173076923076923 0.12980769230769232
1 0.16947115384615385 0.4026442307692308 0.07211538461538461 0.1201923076923077
1 0.21514423076923078 0.4170673076923077 0.052884615384615384 0.07932692307692307
1 0.3329326923076923 0.40384615384615385 0.0673076923076923 0.11298076923076923
1 0.3942307692307692 0.34134615384615385 0.06971153846153846 0.10576923076923077
1 0.49399038461538464 0.33533653846153844 0.06971153846153846 0.09615384615384616
1 0.5252403846153846 0.27524038461538464 0.0673076923076923 0.10336538461538461
1 0.5841346153846154 0.22596153846153846 0.0625 0.10817307692307693
1 0.5600961538461539 0.23557692307692307 0.055288461538461536 0.09134615384615384
1 0.6790865384615384 0.21153846153846154 0.07451923076923077 0.11057692307692307
1 0.7271634615384616 0.1875 0.06971153846153846 0.12259615384615384