1 0.9158653846153846 0.22355769230769232 0.0673076923076923 0.1201923076923077
1 0.3641826923076923 0.22956730769230768 0.057692307692307696 0.1201923076923077
1 0.0889423076923077 0.23557692307692307 0.057692307692307696 0.11057692307692307
1 0.5204326923076923 0.22235576923076922 0.052884615384615384 0.11298076923076923
1 0.6862980769230769 0.23557692307692307 0.04807692307692308 0.11298076923076923
1 0.21153846153846154 0.265625 0.06009615384615385 0.10576923076923077
1 0.4567307692307692 0.25841346153846156 0.038461538461538464 0.09615384615384616
0 0.7776442307692307 0.25841346153846156 0.04326923076923077 0.0889423076923077
1 0.7235576923076923 0.265625 0.038461538461538464 0.07692307692307693
1 0.578125 0.24759615384615385 0.038461538461538464 0.08413461538461539
1 0.6045673076923077 0.26322115384615385 0.03125 0.07211538461538461
1 0.6370192307692307 0.26322115384615385 0.040865384615384616 0.08653846153846154
1 0.25240384615384615 0.2439903846153846 0.03125 0.09375
1 0.3112980769230769 0.25 0.03125 0.06490384615384616