0 0.7487980769230769 0.45072115384615385 0.09375 0.1466346153846154
0 0.6838942307692307 0.42788461538461536 0.07211538461538461 0.11538461538461539
0 0.24759615384615385 0.3786057692307692 0.06490384615384616 0.11538461538461539
0 0.1971153846153846 0.36899038461538464 0.07211538461538461 0.12259615384615384
0 0.4266826923076923 0.42908653846153844 0.0673076923076923 0.10336538461538461
0 0.5841346153846154 0.42427884615384615 0.0673076923076923 0.11298076923076923
0 0.04326923076923077 0.41947115384615385 0.07451923076923077 0.10096153846153846
0 0.3605769230769231 0.39663461538461536 0.05048076923076923 0.08413461538461539
0 0.49038461538461536 0.42427884615384615 0.052884615384615384 0.09375
0 0.3317307692307692 0.3918269230769231 0.04326923076923077 0.08173076923076923
0 0.06129807692307692 0.36177884615384615 0.05048076923076923 0.08173076923076923