0 0.9362980769230769 0.21033653846153846 0.0625 0.0985576923076923
0 0.8449519230769231 0.2091346153846154 0.08653846153846154 0.15144230769230768
0 0.7524038461538461 0.2608173076923077 0.06490384615384616 0.11538461538461539
0 0.6201923076923077 0.27524038461538464 0.0889423076923077 0.14903846153846154
0 0.5721153846153846 0.2848557692307692 0.055288461538461536 0.10576923076923077
0 0.49038461538461536 0.2704326923076923 0.07451923076923077 0.14903846153846154
0 0.46033653846153844 0.3004807692307692 0.038461538461538464 0.08653846153846154
0 0.38461538461538464 0.2620192307692308 0.09615384615384616 0.17307692307692307
0 0.35336538461538464 0.2920673076923077 0.0625 0.12740384615384615
0 0.2091346153846154 0.3786057692307692 0.0673076923076923 0.12259615384615384
0 0.15264423076923078 0.32091346153846156 0.06490384615384616 0.11057692307692307
0 0.08413461538461539 0.3557692307692308 0.10817307692307693 0.16826923076923078
0 0.02283653846153846 0.3545673076923077 0.04567307692307692 0.10817307692307693