0 0.056490384615384616 0.4098557692307692 0.11057692307692307 0.16105769230769232
0 0.15745192307692307 0.4411057692307692 0.11057692307692307 0.15144230769230768
0 0.33774038461538464 0.5384615384615384 0.13701923076923078 0.20192307692307693
0 0.7644230769230769 0.5961538461538461 0.15384615384615385 0.21634615384615385
0 0.9399038461538461 0.4879807692307692 0.07451923076923077 0.11057692307692307
0 0.9807692307692307 0.4567307692307692 0.038461538461538464 0.1201923076923077
0 0.19831730769230768 0.3245192307692308 0.07211538461538461 0.0985576923076923
0 0.8810096153846154 0.49759615384615385 0.0889423076923077 0.13942307692307693
0 0.027644230769230768 0.3629807692307692 0.04326923076923077 0.125
0 0.3317307692307692 0.33533653846153844 0.06490384615384616 0.11057692307692307
0 0.4326923076923077 0.34134615384615385 0.0625 0.09375
0 0.5168269230769231 0.3401442307692308 0.04326923076923077 0.07451923076923077
0 0.5420673076923077 0.31490384615384615 0.036057692307692304 0.06490384615384616
0 0.5865384615384616 0.34375 0.04567307692307692 0.08413461538461539
0 0.7415865384615384 0.35697115384615385 0.04807692307692308 0.07211538461538461
0 0.8918269230769231 0.4050480769230769 0.04807692307692308 0.06490384615384616
0 0.8305288461538461 0.3786057692307692 0.0625 0.08413461538461539