0 0.7151442307692307 0.22956730769230768 0.08173076923076923 0.12259615384615384
0 0.25841346153846156 0.2608173076923077 0.07692307692307693 0.11538461538461539
0 0.78125 0.25600961538461536 0.08413461538461539 0.12980769230769232
0 0.359375 0.24639423076923078 0.08173076923076923 0.13942307692307693
0 0.4579326923076923 0.17307692307692307 0.06971153846153846 0.1201923076923077
0 0.0889423076923077 0.29086538461538464 0.0889423076923077 0.1466346153846154
0 0.8894230769230769 0.20192307692307693 0.07451923076923077 0.1201923076923077
0 0.11658653846153846 0.22716346153846154 0.0673076923076923 0.11298076923076923
0 0.59375 0.24278846153846154 0.0673076923076923 0.11538461538461539
0 0.5360576923076923 0.24639423076923078 0.0625 0.0985576923076923
0 0.6802884615384616 0.2608173076923077 0.040865384615384616 0.09375