0 0.5649038461538461 0.23798076923076922 0.07932692307692307 0.1466346153846154
0 0.7463942307692307 0.23677884615384615 0.08413461538461539 0.15625
0 0.3076923076923077 0.22235576923076922 0.08413461538461539 0.1466346153846154
0 0.8894230769230769 0.22355769230769232 0.09134615384615384 0.15865384615384615
0 0.9639423076923077 0.28365384615384615 0.07211538461538461 0.12980769230769232
0 0.1201923076923077 0.23317307692307693 0.06971153846153846 0.14423076923076922
0 0.1466346153846154 0.22235576923076922 0.06009615384615385 0.1346153846153846
0 0.6622596153846154 0.29447115384615385 0.052884615384615384 0.12740384615384615
0 0.8341346153846154 0.30649038461538464 0.04326923076923077 0.07211538461538461
0 0.6021634615384616 0.28846153846153844 0.038461538461538464 0.0985576923076923
0 0.4254807692307692 0.2283653846153846 0.0625 0.125
0 0.3762019230769231 0.23557692307692307 0.05048076923076923 0.10096153846153846
0 0.19471153846153846 0.25841346153846156 0.040865384615384616 0.08413461538461539