1 0.8509615384615384 0.32211538461538464 0.14423076923076922 0.34615384615384615
1 0.6899038461538461 0.20432692307692307 0.0889423076923077 0.1778846153846154
1 0.8197115384615384 0.2091346153846154 0.0673076923076923 0.13942307692307693
1 0.9278846153846154 0.2704326923076923 0.14423076923076922 0.5024038461538461
0 0.23197115384615385 0.2776442307692308 0.07932692307692307 0.14423076923076922
0 0.3605769230769231 0.20552884615384615 0.0889423076923077 0.15384615384615385
0 0.4411057692307692 0.22355769230769232 0.09375 0.1778846153846154
0 0.09495192307692307 0.24759615384615385 0.08173076923076923 0.14423076923076922
0 0.6081730769230769 0.15144230769230768 0.1201923076923077 0.2091346153846154
0 0.03485576923076923 0.24158653846153846 0.04807692307692308 0.10817307692307693
0 0.546875 0.20552884615384615 0.06009615384615385 0.1466346153846154
0 0.1141826923076923 0.18870192307692307 0.07451923076923077 0.12740384615384615
0 0.29447115384615385 0.2668269230769231 0.040865384615384616 0.09375