0 0.29086538461538464 0.44350961538461536 0.08653846153846154 0.14423076923076922
0 0.3557692307692308 0.4230769230769231 0.0673076923076923 0.11298076923076923
0 0.7872596153846154 0.38822115384615385 0.06009615384615385 0.11298076923076923
0 0.8353365384615384 0.38100961538461536 0.0673076923076923 0.11778846153846154
0 0.6081730769230769 0.4326923076923077 0.0625 0.0985576923076923
0 0.453125 0.421875 0.06490384615384616 0.10817307692307693
0 0.9747596153846154 0.4375 0.05048076923076923 0.09615384615384616
0 0.6742788461538461 0.4026442307692308 0.04567307692307692 0.08173076923076923
0 0.546875 0.4254807692307692 0.05048076923076923 0.09134615384615384
0 0.703125 0.39903846153846156 0.040865384615384616 0.07932692307692307
0 0.9699519230769231 0.3798076923076923 0.04567307692307692 0.07932692307692307