0 0.265625 0.2512019230769231 0.06971153846153846 0.11778846153846154
0 0.7391826923076923 0.22716346153846154 0.0673076923076923 0.11057692307692307
0 0.20072115384615385 0.28725961538461536 0.07211538461538461 0.12740384615384615
0 0.6334134615384616 0.22355769230769232 0.06971153846153846 0.13701923076923078
0 0.5228365384615384 0.16105769230769232 0.057692307692307696 0.11778846153846154
0 0.9182692307692307 0.23557692307692307 0.07692307692307693 0.14423076923076922
0 0.08173076923076923 0.24519230769230768 0.0625 0.11778846153846154
0 0.8810096153846154 0.17427884615384615 0.057692307692307696 0.11057692307692307
0 0.3918269230769231 0.25 0.057692307692307696 0.11538461538461539
0 0.45072115384615385 0.24639423076923078 0.052884615384615384 0.09615384615384616
0 0.30528846153846156 0.2800480769230769 0.03125 0.09375