1 0.1141826923076923 0.15985576923076922 0.08413461538461539 0.13221153846153846
1 0.6766826923076923 0.2548076923076923 0.07451923076923077 0.12980769230769232
1 0.9567307692307693 0.30528846153846156 0.07211538461538461 0.1201923076923077
1 0.5180288461538461 0.22355769230769232 0.06971153846153846 0.12259615384615384
1 0.34615384615384615 0.2091346153846154 0.06490384615384616 0.12259615384615384
1 0.8257211538461539 0.31490384615384615 0.07692307692307693 0.11538461538461539
1 0.5769230769230769 0.2692307692307692 0.05048076923076923 0.10336538461538461
0 0.2512019230769231 0.21754807692307693 0.055288461538461536 0.09615384615384616
1 0.30408653846153844 0.234375 0.04807692307692308 0.08413461538461539
1 0.4567307692307692 0.2403846153846154 0.04807692307692308 0.0889423076923077
1 0.4254807692307692 0.2512019230769231 0.040865384615384616 0.07692307692307693
1 0.39302884615384615 0.24519230769230768 0.05048076923076923 0.09375
1 0.7884615384615384 0.28846153846153844 0.040865384615384616 0.0985576923076923
1 0.7283653846153846 0.2848557692307692 0.040865384615384616 0.06971153846153846