0 0.027644230769230768 0.2920673076923077 0.055288461538461536 0.09615384615384616
0 0.11778846153846154 0.2764423076923077 0.07692307692307693 0.14423076923076922
0 0.21514423076923078 0.3112980769230769 0.055288461538461536 0.11298076923076923
0 0.34615384615384615 0.3016826923076923 0.07692307692307693 0.14182692307692307
0 0.3954326923076923 0.30288461538461536 0.04807692307692308 0.10096153846153846
0 0.4723557692307692 0.27403846153846156 0.06490384615384616 0.14423076923076922
0 0.5048076923076923 0.29927884615384615 0.03365384615384615 0.08413461538461539
0 0.5733173076923077 0.25 0.08173076923076923 0.1658653846153846
0 0.6081730769230769 0.27163461538461536 0.052884615384615384 0.1201923076923077
0 0.7644230769230769 0.3317307692307692 0.057692307692307696 0.11778846153846154
0 0.8100961538461539 0.2668269230769231 0.057692307692307696 0.10576923076923077
0 0.8822115384615384 0.28966346153846156 0.09615384615384616 0.15865384615384615
0 0.9447115384615384 0.27524038461538464 0.04567307692307692 0.10336538461538461