1 0.13221153846153846 0.35336538461538464 0.14903846153846154 0.33413461538461536
1 0.2824519230769231 0.23557692307692307 0.0889423076923077 0.17067307692307693
1 0.15865384615384615 0.2439903846153846 0.06971153846153846 0.1346153846153846
1 0.0673076923076923 0.29086538461538464 0.1346153846153846 0.5144230769230769
0 0.7211538461538461 0.29086538461538464 0.08173076923076923 0.13942307692307693
0 0.5973557692307693 0.2247596153846154 0.09134615384615384 0.15144230769230768
0 0.5216346153846154 0.24639423076923078 0.09615384615384616 0.17307692307692307
0 0.8509615384615384 0.25721153846153844 0.08173076923076923 0.13942307692307693
0 0.359375 0.18269230769230768 0.1201923076923077 0.20192307692307693
0 0.9579326923076923 0.2620192307692308 0.055288461538461536 0.11538461538461539
0 0.9134615384615384 0.25 0.057692307692307696 0.10336538461538461
0 0.41947115384615385 0.23076923076923078 0.0625 0.14182692307692307
0 0.8305288461538461 0.20072115384615385 0.07451923076923077 0.125
0 0.6610576923076923 0.2824519230769231 0.04326923076923077 0.09134615384615384