0 0.9194711538461539 0.4807692307692308 0.09615384615384616 0.14423076923076922
0 0.8269230769230769 0.5048076923076923 0.09615384615384616 0.1346153846153846
0 0.6610576923076923 0.5877403846153846 0.11778846153846154 0.1778846153846154
0 0.27524038461538464 0.6274038461538461 0.13221153846153846 0.19230769230769232
0 0.11899038461538461 0.5228365384615384 0.06490384615384616 0.0985576923076923
0 0.06490384615384616 0.4951923076923077 0.06490384615384616 0.10817307692307693
0 0.7944711538461539 0.39903846153846156 0.0625 0.08653846153846154
0 0.171875 0.5336538461538461 0.07692307692307693 0.125
0 0.9639423076923077 0.4375 0.06971153846153846 0.11538461538461539
0 0.6742788461538461 0.40384615384615385 0.055288461538461536 0.0985576923076923
0 0.5829326923076923 0.4074519230769231 0.052884615384615384 0.08413461538461539
0 0.5060096153846154 0.4026442307692308 0.038461538461538464 0.0673076923076923
0 0.484375 0.3798076923076923 0.03125 0.057692307692307696
0 0.44350961538461536 0.40384615384615385 0.038461538461538464 0.07692307692307693
0 0.30288461538461536 0.4098557692307692 0.040865384615384616 0.06490384615384616
0 0.16466346153846154 0.4495192307692308 0.04326923076923077 0.057692307692307696
0 0.22115384615384615 0.42788461538461536 0.052884615384615384 0.07451923076923077