0 0.9278846153846154 0.45072115384615385 0.11057692307692307 0.15384615384615385
0 0.8365384615384616 0.4855769230769231 0.11057692307692307 0.1466346153846154
0 0.671875 0.5853365384615384 0.13701923076923078 0.19230769230769232
0 0.2764423076923077 0.6610576923076923 0.15144230769230768 0.2091346153846154
0 0.10697115384615384 0.5685096153846154 0.07451923076923077 0.10817307692307693
0 0.046875 0.5444711538461539 0.07692307692307693 0.11778846153846154
0 0.7920673076923077 0.3786057692307692 0.07211538461538461 0.09375
0 0.16105769230769232 0.5745192307692307 0.09134615384615384 0.1346153846153846
0 0.9651442307692307 0.4050480769230769 0.06971153846153846 0.1201923076923077
0 0.6682692307692307 0.3942307692307692 0.06490384615384616 0.10576923076923077
0 0.5733173076923077 0.40625 0.0625 0.0889423076923077
0 0.4951923076923077 0.4098557692307692 0.04567307692307692 0.07211538461538461
0 0.4699519230769231 0.3870192307692308 0.036057692307692304 0.06009615384615385
0 0.43028846153846156 0.41586538461538464 0.04567307692307692 0.07932692307692307
0 0.2860576923076923 0.43509615384615385 0.04807692307692308 0.06971153846153846
0 0.1466346153846154 0.4879807692307692 0.04807692307692308 0.0625
0 0.203125 0.46033653846153844 0.0625 0.08173076923076923