0 0.4230769230769231 0.2403846153846154 0.08413461538461539 0.14423076923076922
0 0.24879807692307693 0.25 0.09134615384615384 0.15384615384615385
0 0.6694711538461539 0.2091346153846154 0.09134615384615384 0.14423076923076922
0 0.109375 0.24639423076923078 0.0985576923076923 0.15865384615384615
0 0.039663461538461536 0.3088942307692308 0.07932692307692307 0.12740384615384615
0 0.8509615384615384 0.20552884615384615 0.07692307692307693 0.14423076923076922
0 0.8245192307692307 0.1971153846153846 0.0673076923076923 0.13221153846153846
0 0.3329326923076923 0.3004807692307692 0.06009615384615385 0.12740384615384615
0 0.16826923076923078 0.3233173076923077 0.04567307692307692 0.06971153846153846
0 0.390625 0.29086538461538464 0.04326923076923077 0.09615384615384616
0 0.5564903846153846 0.22115384615384615 0.0673076923076923 0.12259615384615384
0 0.6045673076923077 0.22596153846153846 0.055288461538461536 0.10096153846153846
0 0.78125 0.234375 0.04567307692307692 0.08413461538461539
0 0.007211538461538462 0.32572115384615385 0.014423076923076924 0.11778846153846154