1 0.09375 0.11899038461538461 0.09134615384615384 0.13701923076923078
1 0.6814903846153846 0.2283653846153846 0.08173076923076923 0.13701923076923078
1 0.9675480769230769 0.28725961538461536 0.06490384615384616 0.12740384615384615
1 0.515625 0.19230769230769232 0.07451923076923077 0.12980769230769232
1 0.33653846153846156 0.17307692307692307 0.06971153846153846 0.12980769230769232
1 0.8365384615384616 0.2956730769230769 0.08173076923076923 0.12259615384615384
1 0.5757211538461539 0.24158653846153846 0.055288461538461536 0.10817307692307693
0 0.23677884615384615 0.1814903846153846 0.06009615384615385 0.10096153846153846
1 0.29086538461538464 0.20072115384615385 0.052884615384615384 0.0889423076923077
1 0.4495192307692308 0.2091346153846154 0.052884615384615384 0.09375
1 0.4182692307692308 0.21995192307692307 0.04326923076923077 0.07932692307692307
1 0.38341346153846156 0.21394230769230768 0.055288461538461536 0.0985576923076923
1 0.7980769230769231 0.265625 0.04567307692307692 0.10336538461538461
1 0.7355769230769231 0.2608173076923077 0.04326923076923077 0.07451923076923077