1 0.6081730769230769 0.15745192307692307 0.08653846153846154 0.18269230769230768
1 0.28125 0.17067307692307693 0.16105769230769232 0.28125
1 0.5324519230769231 0.20072115384615385 0.08653846153846154 0.14423076923076922
1 0.08173076923076923 0.1875 0.125 0.21153846153846154
1 0.8137019230769231 0.26322115384615385 0.15865384615384615 0.2644230769230769
1 0.9435096153846154 0.21153846153846154 0.11057692307692307 0.19230769230769232
1 0.6814903846153846 0.20793269230769232 0.11538461538461539 0.19230769230769232
1 0.40384615384615385 0.22355769230769232 0.06490384615384616 0.1201923076923077
1 0.4855769230769231 0.21875 0.040865384615384616 0.1346153846153846
1 0.7451923076923077 0.23197115384615385 0.07211538461538461 0.14903846153846154
1 0.45072115384615385 0.25 0.04326923076923077 0.10096153846153846
1 0.14903846153846154 0.20793269230769232 0.057692307692307696 0.09615384615384616