1 0.45552884615384615 0.5180288461538461 0.08173076923076923 0.13701923076923078
1 0.8774038461538461 0.4639423076923077 0.08173076923076923 0.12980769230769232
1 0.4831730769230769 0.4254807692307692 0.04567307692307692 0.06490384615384616
1 0.24639423076923078 0.4338942307692308 0.04567307692307692 0.06490384615384616
0 0.6778846153846154 0.47836538461538464 0.06971153846153846 0.09134615384615384
0 0.6189903846153846 0.43028846153846156 0.0673076923076923 0.08653846153846154
0 0.5444711538461539 0.43990384615384615 0.057692307692307696 0.07692307692307693
0 0.3545673076923077 0.44711538461538464 0.0673076923076923 0.10096153846153846
0 0.3112980769230769 0.4855769230769231 0.04807692307692308 0.10096153846153846
1 0.28725961538461536 0.3870192307692308 0.040865384615384616 0.057692307692307696
0 0.3954326923076923 0.36658653846153844 0.03125 0.055288461538461536
0 0.3485576923076923 0.3473557692307692 0.03365384615384615 0.0625
0 0.32091346153846156 0.3545673076923077 0.028846153846153848 0.052884615384615384
0 0.4675480769230769 0.38341346153846156 0.03365384615384615 0.052884615384615384