1 0.6334134615384616 0.17668269230769232 0.0889423076923077 0.16826923076923078
1 0.33533653846153844 0.17307692307692307 0.15625 0.25961538461538464
1 0.5625 0.2127403846153846 0.08653846153846154 0.1346153846153846
1 0.15384615384615385 0.1778846153846154 0.12259615384615384 0.19471153846153846
1 0.8149038461538461 0.2824519230769231 0.15625 0.24519230769230768
1 0.9350961538461539 0.24158653846153846 0.10817307692307693 0.17548076923076922
1 0.6971153846153846 0.22596153846153846 0.11298076923076923 0.1778846153846154
1 0.44471153846153844 0.22596153846153846 0.06490384615384616 0.11057692307692307
1 0.5192307692307693 0.22596153846153846 0.04326923076923077 0.12259615384615384
1 0.7548076923076923 0.25 0.07211538461538461 0.13942307692307693
1 0.9879807692307693 0.2956730769230769 0.02403846153846154 0.16826923076923078
1 0.48677884615384615 0.2512019230769231 0.04567307692307692 0.09375
1 0.21514423076923078 0.19951923076923078 0.057692307692307696 0.0889423076923077