0 0.8557692307692307 0.44471153846153844 0.08173076923076923 0.1201923076923077
0 0.5733173076923077 0.4230769230769231 0.07451923076923077 0.12980769230769232
0 0.5072115384615384 0.4411057692307692 0.0673076923076923 0.10817307692307693
0 0.1201923076923077 0.5564903846153846 0.06971153846153846 0.10817307692307693
0 0.6862980769230769 0.4074519230769231 0.06971153846153846 0.11298076923076923
0 0.7920673076923077 0.40024038461538464 0.06971153846153846 0.11298076923076923
0 0.7379807692307693 0.5144230769230769 0.07692307692307693 0.12980769230769232
0 0.38341346153846156 0.5649038461538461 0.07211538461538461 0.11778846153846154
0 0.22235576923076922 0.5456730769230769 0.0673076923076923 0.10336538461538461
0 0.7415865384615384 0.4050480769230769 0.06009615384615385 0.10096153846153846
0 0.27884615384615385 0.5709134615384616 0.0673076923076923 0.09615384615384616
0 0.8413461538461539 0.36899038461538464 0.06971153846153846 0.10817307692307693
0 0.16346153846153846 0.5745192307692307 0.0673076923076923 0.11057692307692307
0 0.296875 0.5228365384615384 0.05048076923076923 0.08653846153846154
0 0.3449519230769231 0.515625 0.05048076923076923 0.09134615384615384
0 0.32091346153846156 0.4567307692307692 0.052884615384615384 0.09134615384615384
0 0.4170673076923077 0.46033653846153844 0.06490384615384616 0.11057692307692307
0 0.45913461538461536 0.46634615384615385 0.05048076923076923 0.08413461538461539
0 0.453125 0.5504807692307693 0.0673076923076923 0.11057692307692307
0 0.5336538461538461 0.5528846153846154 0.07451923076923077 0.11778846153846154
0 0.6262019230769231 0.41466346153846156 0.0625 0.09134615384615384
0 0.6382211538461539 0.5 0.06971153846153846 0.1201923076923077