1 0.42788461538461536 0.16105769230769232 0.07211538461538461 0.16826923076923078
1 0.734375 0.20552884615384615 0.1346153846153846 0.25721153846153844
1 0.49399038461538464 0.2091346153846154 0.07211538461538461 0.1346153846153846
1 0.921875 0.2403846153846154 0.10576923076923077 0.19230769230769232
1 0.22355769230769232 0.2403846153846154 0.13701923076923078 0.2403846153846154
1 0.10576923076923077 0.1778846153846154 0.09375 0.17548076923076922
1 0.35336538461538464 0.20072115384615385 0.09615384615384616 0.17548076923076922
1 0.6141826923076923 0.2439903846153846 0.055288461538461536 0.11057692307692307
1 0.5372596153846154 0.23197115384615385 0.028846153846153848 0.12740384615384615
1 0.29086538461538464 0.21754807692307693 0.057692307692307696 0.13942307692307693
1 0.02403846153846154 0.22355769230769232 0.040865384615384616 0.17067307692307693
1 0.5661057692307693 0.26322115384615385 0.036057692307692304 0.09375
1 0.8569711538461539 0.2536057692307692 0.05048076923076923 0.08653846153846154