1 0.4543269230769231 0.5372596153846154 0.08413461538461539 0.1346153846153846
1 0.8485576923076923 0.4519230769230769 0.08413461538461539 0.12740384615384615
1 0.4735576923076923 0.44591346153846156 0.04807692307692308 0.06490384615384616
1 0.2512019230769231 0.4735576923076923 0.04807692307692308 0.06490384615384616
0 0.6610576923076923 0.4795673076923077 0.06971153846153846 0.0889423076923077
0 0.6021634615384616 0.4387019230769231 0.0673076923076923 0.08653846153846154
0 0.53125 0.4543269230769231 0.057692307692307696 0.07692307692307693
0 0.35216346153846156 0.47836538461538464 0.06971153846153846 0.0985576923076923
0 0.3161057692307692 0.5180288461538461 0.05048076923076923 0.0985576923076923
1 0.28365384615384615 0.4254807692307692 0.04326923076923077 0.057692307692307696
0 0.38461538461538464 0.39783653846153844 0.03125 0.052884615384615384
0 0.3401442307692308 0.38341346153846156 0.03365384615384615 0.06009615384615385
0 0.3137019230769231 0.39302884615384615 0.028846153846153848 0.05048076923076923
0 0.4543269230769231 0.4074519230769231 0.03365384615384615 0.05048076923076923