0 0.15745192307692307 0.4519230769230769 0.06971153846153846 0.11538461538461539
0 0.4423076923076923 0.3737980769230769 0.0625 0.12740384615384615
0 0.5120192307692307 0.3798076923076923 0.055288461538461536 0.10576923076923077
0 0.9278846153846154 0.4206730769230769 0.057692307692307696 0.10576923076923077
0 0.3233173076923077 0.3798076923076923 0.06009615384615385 0.11298076923076923
0 0.21514423076923078 0.39302884615384615 0.06009615384615385 0.11298076923076923
0 0.2920673076923077 0.4987980769230769 0.06490384615384616 0.12740384615384615
0 0.6610576923076923 0.4795673076923077 0.0625 0.11538461538461539
0 0.8221153846153846 0.42908653846153844 0.055288461538461536 0.10336538461538461
0 0.26802884615384615 0.38822115384615385 0.052884615384615384 0.0985576923076923
0 0.7704326923076923 0.4639423076923077 0.06009615384615385 0.09375
0 0.15745192307692307 0.37259615384615385 0.06009615384615385 0.10576923076923077
0 0.8882211538461539 0.44591346153846156 0.057692307692307696 0.10817307692307693
0 0.7415865384615384 0.4206730769230769 0.04326923076923077 0.08653846153846154
0 0.6935096153846154 0.4230769230769231 0.04326923076923077 0.0889423076923077
0 0.7055288461538461 0.3581730769230769 0.04567307692307692 0.0889423076923077
0 0.6081730769230769 0.38100961538461536 0.055288461538461536 0.10817307692307693
0 0.5649038461538461 0.3954326923076923 0.04326923076923077 0.08413461538461539
0 0.5877403846153846 0.47836538461538464 0.057692307692307696 0.10817307692307693
0 0.5072115384615384 0.4987980769230769 0.06490384615384616 0.11538461538461539
0 0.38461538461538464 0.375 0.055288461538461536 0.0889423076923077
0 0.3894230769230769 0.4651442307692308 0.057692307692307696 0.11778846153846154