0 0.16466346153846154 0.5036057692307693 0.06971153846153846 0.11298076923076923
0 0.44711538461538464 0.4266826923076923 0.0625 0.12740384615384615
0 0.515625 0.4326923076923077 0.055288461538461536 0.10336538461538461
0 0.9266826923076923 0.4723557692307692 0.057692307692307696 0.10336538461538461
0 0.3293269230769231 0.4326923076923077 0.06009615384615385 0.11057692307692307
0 0.22115384615384615 0.44591346153846156 0.06009615384615385 0.11057692307692307
0 0.296875 0.5504807692307693 0.0625 0.12740384615384615
0 0.6646634615384616 0.53125 0.0625 0.11298076923076923
0 0.8233173076923077 0.4807692307692308 0.055288461538461536 0.10096153846153846
0 0.27283653846153844 0.4411057692307692 0.05048076923076923 0.0985576923076923
0 0.7716346153846154 0.515625 0.06009615384615385 0.09134615384615384
0 0.16466346153846154 0.4254807692307692 0.06009615384615385 0.10336538461538461
0 0.8882211538461539 0.49759615384615385 0.057692307692307696 0.10817307692307693
0 0.7427884615384616 0.4723557692307692 0.04326923076923077 0.08413461538461539
0 0.6947115384615384 0.47475961538461536 0.04326923076923077 0.0889423076923077
0 0.7079326923076923 0.4110576923076923 0.04567307692307692 0.0889423076923077
0 0.6105769230769231 0.4338942307692308 0.055288461538461536 0.10817307692307693
0 0.5697115384615384 0.4483173076923077 0.04326923076923077 0.08173076923076923
0 0.5913461538461539 0.5300480769230769 0.057692307692307696 0.10817307692307693
0 0.5108173076923077 0.5492788461538461 0.0625 0.11298076923076923
0 0.390625 0.42788461538461536 0.052884615384615384 0.0889423076923077
0 0.3942307692307692 0.5168269230769231 0.057692307692307696 0.11778846153846154