1 0.5661057692307693 0.5649038461538461 0.08173076923076923 0.13701923076923078
1 0.140625 0.5036057692307693 0.08173076923076923 0.12980769230769232
1 0.5396634615384616 0.47115384615384615 0.04567307692307692 0.06490384615384616
1 0.7788461538461539 0.4831730769230769 0.04567307692307692 0.06490384615384616
0 0.34134615384615385 0.5192307692307693 0.06971153846153846 0.09134615384615384
0 0.4026442307692308 0.4723557692307692 0.06490384615384616 0.08653846153846154
0 0.47836538461538464 0.4831730769230769 0.057692307692307696 0.07692307692307693
0 0.6706730769230769 0.4951923076923077 0.0673076923076923 0.10096153846153846
0 0.7127403846153846 0.5348557692307693 0.04807692307692308 0.10096153846153846
1 0.7403846153846154 0.43509615384615385 0.040865384615384616 0.057692307692307696
0 0.6310096153846154 0.41346153846153844 0.028846153846153848 0.055288461538461536
0 0.6766826923076923 0.3942307692307692 0.03365384615384615 0.0625
0 0.7055288461538461 0.4014423076923077 0.028846153846153848 0.052884615384615384
0 0.5576923076923077 0.42788461538461536 0.03365384615384615 0.052884615384615384