1 0.0625 0.25961538461538464 0.11057692307692307 0.20673076923076922
1 0.9579326923076923 0.37740384615384615 0.08413461538461539 0.1346153846153846
1 0.3473557692307692 0.31971153846153844 0.06490384615384616 0.1346153846153846
1 0.2247596153846154 0.3317307692307692 0.0673076923076923 0.12740384615384615
1 0.6935096153846154 0.3605769230769231 0.06490384615384616 0.10336538461538461
1 0.7896634615384616 0.36538461538461536 0.057692307692307696 0.10336538461538461
0 0.8365384615384616 0.3449519230769231 0.06009615384615385 0.0985576923076923
0 0.17067307692307693 0.3112980769230769 0.0673076923076923 0.12980769230769232
0 0.5480769230769231 0.37259615384615385 0.055288461538461536 0.10576923076923077
0 0.42788461538461536 0.35096153846153844 0.052884615384615384 0.10817307692307693
0 0.49038461538461536 0.328125 0.04567307692307692 0.09375
1 0.7548076923076923 0.31490384615384615 0.040865384615384616 0.07211538461538461
0 0.5961538461538461 0.3485576923076923 0.052884615384615384 0.09375