1 0.036057692307692304 0.38461538461538464 0.07211538461538461 0.21634615384615385
1 0.9411057692307693 0.34375 0.10336538461538461 0.14423076923076922
1 0.3076923076923077 0.39663461538461536 0.07692307692307693 0.14182692307692307
1 0.1875 0.42908653846153844 0.07692307692307693 0.1346153846153846
1 0.6670673076923077 0.3762019230769231 0.07211538461538461 0.10817307692307693
1 0.7644230769230769 0.3641826923076923 0.0673076923076923 0.10817307692307693
0 0.8088942307692307 0.33533653846153844 0.06971153846153846 0.10576923076923077
0 0.12860576923076922 0.4206730769230769 0.07692307692307693 0.13701923076923078
0 0.5216346153846154 0.41466346153846156 0.06490384615384616 0.11057692307692307
0 0.39663461538461536 0.41346153846153844 0.0625 0.11538461538461539
0 0.45552884615384615 0.38100961538461536 0.055288461538461536 0.0985576923076923
1 0.7199519230769231 0.31850961538461536 0.04807692307692308 0.07692307692307693
0 0.5649038461538461 0.38221153846153844 0.06009615384615385 0.10096153846153846