1 0.04927884615384615 0.328125 0.0985576923076923 0.22355769230769232
1 0.9567307692307693 0.28725961538461536 0.057692307692307696 0.14182692307692307
1 0.33774038461538464 0.3389423076923077 0.07692307692307693 0.14423076923076922
1 0.21394230769230768 0.37259615384615385 0.07932692307692307 0.13701923076923078
1 0.7019230769230769 0.31850961538461536 0.07451923076923077 0.11057692307692307
1 0.8004807692307693 0.30649038461538464 0.0673076923076923 0.10817307692307693
0 0.8473557692307693 0.2764423076923077 0.06971153846153846 0.10576923076923077
0 0.15384615384615385 0.3629807692307692 0.07932692307692307 0.13942307692307693
0 0.5540865384615384 0.3581730769230769 0.06490384615384616 0.11298076923076923
0 0.4266826923076923 0.35697115384615385 0.0625 0.11538461538461539
0 0.48677884615384615 0.32211538461538464 0.055288461538461536 0.10096153846153846
1 0.7560096153846154 0.25961538461538464 0.04807692307692308 0.07932692307692307
0 0.5985576923076923 0.3233173076923077 0.0625 0.10096153846153846