1 0.8762019230769231 0.6262019230769231 0.18990384615384615 0.36778846153846156
1 0.7788461538461539 0.4735576923076923 0.11538461538461539 0.25
1 0.5985576923076923 0.5048076923076923 0.0673076923076923 0.15865384615384615
1 0.6225961538461539 0.4170673076923077 0.04807692307692308 0.08413461538461539
1 0.5649038461538461 0.4050480769230769 0.06009615384615385 0.125
1 0.453125 0.4110576923076923 0.06971153846153846 0.15384615384615385
1 0.3473557692307692 0.7944711538461539 0.2932692307692308 0.4110576923076923
1 0.25961538461538464 0.5228365384615384 0.11298076923076923 0.20192307692307693
1 0.18389423076923078 0.43149038461538464 0.10576923076923077 0.1971153846153846
1 0.03125 0.5612980769230769 0.0625 0.3389423076923077
1 0.296875 0.34615384615384615 0.0673076923076923 0.15384615384615385
1 0.40024038461538464 0.45072115384615385 0.11298076923076923 0.15384615384615385
1 0.390625 0.6274038461538461 0.18990384615384615 0.2692307692307692
1 0.33533653846153844 0.4579326923076923 0.0673076923076923 0.15144230769230768
1 0.37259615384615385 0.35216346153846156 0.07692307692307693 0.0985576923076923