0 0.6598557692307693 0.3293269230769231 0.08653846153846154 0.1346153846153846
0 0.9362980769230769 0.34615384615384615 0.12740384615384615 0.22115384615384615
0 0.2764423076923077 0.25841346153846156 0.07932692307692307 0.13701923076923078
0 0.8028846153846154 0.30649038461538464 0.11298076923076923 0.18028846153846154
0 0.4543269230769231 0.25240384615384615 0.12259615384615384 0.1875
0 0.234375 0.1622596153846154 0.1201923076923077 0.1778846153846154
0 0.5336538461538461 0.3161057692307692 0.08173076923076923 0.13221153846153846
0 0.7235576923076923 0.37259615384615385 0.07451923076923077 0.11538461538461539
0 0.6045673076923077 0.35096153846153844 0.06009615384615385 0.0985576923076923
0 0.3269230769230769 0.30649038461538464 0.0625 0.10336538461538461
0 0.16466346153846154 0.21754807692307693 0.08413461538461539 0.12259615384615384