1 0.17307692307692307 0.44711538461538464 0.06009615384615385 0.10096153846153846
1 0.546875 0.4483173076923077 0.05048076923076923 0.10576923076923077
1 0.8521634615384616 0.45913461538461536 0.057692307692307696 0.11057692307692307
1 0.6971153846153846 0.47475961538461536 0.05048076923076923 0.10096153846153846
1 0.7956730769230769 0.4855769230769231 0.036057692307692304 0.0673076923076923
1 0.6622596153846154 0.46634615384615385 0.03365384615384615 0.08653846153846154
1 0.5072115384615384 0.45913461538461536 0.04326923076923077 0.09375
1 0.38461538461538464 0.4182692307692308 0.055288461538461536 0.10576923076923077
1 0.3137019230769231 0.44471153846153844 0.040865384615384616 0.07451923076923077
1 0.3425480769230769 0.4567307692307692 0.03365384615384615 0.06971153846153846
1 0.22716346153846154 0.4326923076923077 0.040865384615384616 0.07451923076923077
1 0.052884615384615384 0.4362980769230769 0.04326923076923077 0.06971153846153846
1 0.13701923076923078 0.4423076923076923 0.038461538461538464 0.08653846153846154
1 0.6225961538461539 0.44711538461538464 0.04807692307692308 0.09375
1 0.4543269230769231 0.45552884615384615 0.02403846153846154 0.052884615384615384
1 0.42788461538461536 0.4579326923076923 0.028846153846153848 0.06009615384615385