1 0.8293269230769231 0.3858173076923077 0.10336538461538461 0.14903846153846154
1 0.19951923076923078 0.3112980769230769 0.19471153846153846 0.28365384615384615
1 0.7271634615384616 0.4639423076923077 0.10817307692307693 0.16105769230769232
1 0.48197115384615385 0.40024038461538464 0.08653846153846154 0.1346153846153846
1 0.4098557692307692 0.3918269230769231 0.0889423076923077 0.15384615384615385
1 0.5709134615384616 0.3701923076923077 0.09375 0.15625
1 0.30408653846153844 0.359375 0.11057692307692307 0.17548076923076922
1 0.05889423076923077 0.2403846153846154 0.057692307692307696 0.11298076923076923
1 0.59375 0.40625 0.09375 0.16105769230769232
1 0.3449519230769231 0.3293269230769231 0.0673076923076923 0.13221153846153846
1 0.5877403846153846 0.4014423076923077 0.11778846153846154 0.18269230769230768
1 0.3713942307692308 0.35697115384615385 0.06009615384615385 0.12740384615384615