0 0.7836538461538461 0.7055288461538461 0.09615384615384616 0.16105769230769232
0 0.27403846153846156 0.11538461538461539 0.125 0.1875
0 0.6081730769230769 0.7355769230769231 0.09134615384615384 0.14182692307692307
0 0.8557692307692307 0.6875 0.0673076923076923 0.1201923076923077
0 0.34615384615384615 0.6875 0.07451923076923077 0.11298076923076923
0 0.7379807692307693 0.6838942307692307 0.04567307692307692 0.09375
0 0.9663461538461539 0.6838942307692307 0.04326923076923077 0.1201923076923077
0 0.5432692307692307 0.6887019230769231 0.052884615384615384 0.09375
0 0.47836538461538464 0.6778846153846154 0.06009615384615385 0.10576923076923077
0 0.41225961538461536 0.6971153846153846 0.052884615384615384 0.09134615384615384
0 0.6682692307692307 0.6935096153846154 0.05048076923076923 0.08173076923076923