1 0.026442307692307692 0.32572115384615385 0.040865384615384616 0.0625
1 0.2548076923076923 0.3449519230769231 0.040865384615384616 0.0673076923076923
1 0.8497596153846154 0.27884615384615385 0.0673076923076923 0.12980769230769232
1 0.9891826923076923 0.27163461538461536 0.021634615384615384 0.14423076923076922
1 0.6899038461538461 0.3161057692307692 0.055288461538461536 0.11778846153846154
1 0.7319711538461539 0.30408653846153844 0.04807692307692308 0.10576923076923077
1 0.5889423076923077 0.30649038461538464 0.057692307692307696 0.1201923076923077
1 0.6298076923076923 0.30649038461538464 0.040865384615384616 0.0985576923076923
1 0.4879807692307692 0.31850961538461536 0.052884615384615384 0.0985576923076923
1 0.3112980769230769 0.35216346153846156 0.026442307692307692 0.0625
1 0.34134615384615385 0.38461538461538464 0.036057692307692304 0.0673076923076923
1 0.34615384615384615 0.31971153846153844 0.03365384615384615 0.0673076923076923
1 0.38341346153846156 0.3629807692307692 0.04326923076923077 0.07932692307692307
1 0.43149038461538464 0.3173076923076923 0.055288461538461536 0.0985576923076923
1 0.5300480769230769 0.3161057692307692 0.038461538461538464 0.09375