1 0.9278846153846154 0.671875 0.14423076923076922 0.3870192307692308
1 0.8353365384615384 0.5180288461538461 0.11538461538461539 0.2644230769230769
1 0.6442307692307693 0.5649038461538461 0.0673076923076923 0.16826923076923078
1 0.6634615384615384 0.4699519230769231 0.04807692307692308 0.0889423076923077
1 0.6009615384615384 0.46153846153846156 0.06009615384615385 0.13221153846153846
1 0.48197115384615385 0.47475961538461536 0.06971153846153846 0.16346153846153846
1 0.39663461538461536 0.8389423076923077 0.2980769230769231 0.32211538461538464
1 0.2848557692307692 0.6081730769230769 0.11538461538461539 0.21153846153846154
1 0.19591346153846154 0.5168269230769231 0.10576923076923077 0.2091346153846154
1 0.03485576923076923 0.6682692307692307 0.06971153846153846 0.3605769230769231
1 0.3112980769230769 0.4182692307692308 0.0673076923076923 0.16346153846153846
1 0.42788461538461536 0.5216346153846154 0.11538461538461539 0.16105769230769232
1 0.43149038461538464 0.7115384615384616 0.19471153846153846 0.28125
1 0.359375 0.5336538461538461 0.0673076923076923 0.15865384615384615
1 0.3918269230769231 0.41947115384615385 0.07692307692307693 0.10576923076923077