1 0.9807692307692307 0.359375 0.038461538461538464 0.06490384615384616
1 0.7536057692307693 0.36778846153846156 0.04326923076923077 0.06971153846153846
1 0.15625 0.2692307692307692 0.06971153846153846 0.13221153846153846
1 0.015625 0.25721153846153844 0.019230769230769232 0.1466346153846154
1 0.31490384615384615 0.3161057692307692 0.057692307692307696 0.1201923076923077
1 0.27403846153846156 0.3004807692307692 0.052884615384615384 0.10817307692307693
1 0.4182692307692308 0.3112980769230769 0.06009615384615385 0.12259615384615384
1 0.37740384615384615 0.3076923076923077 0.04326923076923077 0.10096153846153846
1 0.5192307692307693 0.328125 0.055288461538461536 0.10096153846153846
1 0.6971153846153846 0.37259615384615385 0.028846153846153848 0.0625
1 0.6646634615384616 0.4026442307692308 0.036057692307692304 0.06971153846153846
1 0.6634615384615384 0.33774038461538464 0.036057692307692304 0.06971153846153846
1 0.6225961538461539 0.3786057692307692 0.04567307692307692 0.08413461538461539
1 0.5769230769230769 0.33052884615384615 0.057692307692307696 0.10096153846153846
1 0.47716346153846156 0.3233173076923077 0.040865384615384616 0.09615384615384616