1 0.8918269230769231 0.5637019230769231 0.21394230769230768 0.3798076923076923
1 0.7704326923076923 0.42908653846153844 0.1346153846153846 0.25721153846153844
1 0.5949519230769231 0.49158653846153844 0.07932692307692307 0.16346153846153846
1 0.6033653846153846 0.4014423076923077 0.055288461538461536 0.08653846153846154
1 0.5444711538461539 0.39903846153846156 0.06971153846153846 0.12740384615384615
1 0.4338942307692308 0.4230769230769231 0.08173076923076923 0.15865384615384615
1 0.39663461538461536 0.8028846153846154 0.32211538461538464 0.3942307692307692
1 0.2620192307692308 0.5697115384615384 0.12740384615384615 0.2091346153846154
1 0.16947115384615385 0.49158653846153844 0.1201923076923077 0.20432692307692307
1 0.042067307692307696 0.6478365384615384 0.08413461538461539 0.34375
1 0.26802884615384615 0.38822115384615385 0.07932692307692307 0.15865384615384615
1 0.38822115384615385 0.4723557692307692 0.125 0.16105769230769232
1 0.4098557692307692 0.6502403846153846 0.2091346153846154 0.28125
1 0.3245192307692308 0.49158653846153844 0.07692307692307693 0.15625
1 0.34375 0.3798076923076923 0.08173076923076923 0.10576923076923077