1 0.9831730769230769 0.3762019230769231 0.03365384615384615 0.06971153846153846
1 0.7560096153846154 0.3605769230769231 0.052884615384615384 0.07692307692307693
1 0.15144230769230768 0.1935096153846154 0.08653846153846154 0.14423076923076922
1 0.31009615384615385 0.25841346153846156 0.07211538461538461 0.12980769230769232
1 0.2692307692307692 0.23918269230769232 0.06490384615384616 0.11538461538461539
1 0.4170673076923077 0.2644230769230769 0.07451923076923077 0.13221153846153846
1 0.375 0.25841346153846156 0.055288461538461536 0.10817307692307693
1 0.5192307692307693 0.29447115384615385 0.0673076923076923 0.11057692307692307
1 0.6971153846153846 0.3581730769230769 0.036057692307692304 0.0673076923076923
1 0.6610576923076923 0.3858173076923077 0.04567307692307692 0.07451923076923077
1 0.6658653846153846 0.31850961538461536 0.04326923076923077 0.07451923076923077
1 0.6201923076923077 0.35697115384615385 0.055288461538461536 0.0889423076923077
1 0.578125 0.3016826923076923 0.06971153846153846 0.11057692307692307
1 0.47596153846153844 0.2848557692307692 0.05048076923076923 0.10096153846153846