1 0.21754807692307693 0.30408653846153844 0.0889423076923077 0.14182692307692307
1 0.8233173076923077 0.3918269230769231 0.16826923076923078 0.2644230769230769
1 0.2920673076923077 0.40384615384615385 0.09375 0.15144230769230768
1 0.5384615384615384 0.40384615384615385 0.07451923076923077 0.12740384615384615
1 0.609375 0.41466346153846156 0.07451923076923077 0.14423076923076922
1 0.46274038461538464 0.3545673076923077 0.07692307692307693 0.1466346153846154
1 0.7151442307692307 0.4098557692307692 0.09375 0.1658653846153846
1 0.9747596153846154 0.36177884615384615 0.05048076923076923 0.10817307692307693
1 0.4326923076923077 0.38341346153846156 0.07932692307692307 0.15144230769230768
1 0.6850961538461539 0.3737980769230769 0.055288461538461536 0.125
1 0.4387019230769231 0.3798076923076923 0.10096153846153846 0.17307692307692307
1 0.6514423076923077 0.3918269230769231 0.04807692307692308 0.12259615384615384