0 0.8040865384615384 0.6850961538461539 0.09375 0.16346153846153846
0 0.26322115384615385 0.0985576923076923 0.1201923076923077 0.18990384615384615
0 0.6262019230769231 0.7211538461538461 0.0889423076923077 0.14182692307692307
0 0.8762019230769231 0.6634615384615384 0.06490384615384616 0.12259615384615384
0 0.3557692307692308 0.6826923076923077 0.07211538461538461 0.11298076923076923
0 0.7572115384615384 0.6634615384615384 0.04326923076923077 0.09615384615384616
0 0.9831730769230769 0.65625 0.026442307692307692 0.1201923076923077
0 0.5576923076923077 0.6766826923076923 0.05048076923076923 0.09615384615384616
0 0.49158653846153844 0.6682692307692307 0.057692307692307696 0.10576923076923077
0 0.4254807692307692 0.6899038461538461 0.05048076923076923 0.09134615384615384
0 0.6862980769230769 0.6754807692307693 0.04807692307692308 0.08173076923076923