1 0.15625 0.5120192307692307 0.07211538461538461 0.11057692307692307
1 0.5396634615384616 0.45913461538461536 0.0625 0.11538461538461539
1 0.8569711538461539 0.4254807692307692 0.07211538461538461 0.12259615384615384
1 0.6995192307692307 0.4639423076923077 0.0625 0.10817307692307693
1 0.8028846153846154 0.46153846153846156 0.04326923076923077 0.07451923076923077
1 0.6610576923076923 0.46033653846153844 0.04326923076923077 0.09134615384615384
1 0.5024038461538461 0.47596153846153844 0.052884615384615384 0.10096153846153846
1 0.36899038461538464 0.4519230769230769 0.0673076923076923 0.11538461538461539
1 0.3004807692307692 0.4891826923076923 0.05048076923076923 0.07932692307692307
1 0.3317307692307692 0.4963942307692308 0.040865384615384616 0.07692307692307693
1 0.21033653846153846 0.4879807692307692 0.05048076923076923 0.07932692307692307
1 0.03125 0.5180288461538461 0.05048076923076923 0.07692307692307693
1 0.11778846153846154 0.5120192307692307 0.04807692307692308 0.09134615384615384
1 0.6189903846153846 0.44591346153846156 0.06009615384615385 0.10336538461538461
1 0.44711538461538464 0.47836538461538464 0.03125 0.057692307692307696
1 0.41947115384615385 0.4855769230769231 0.036057692307692304 0.0625