0 0.18629807692307693 0.24879807692307693 0.07211538461538461 0.09375
0 0.3317307692307692 0.28725961538461536 0.057692307692307696 0.08653846153846154
0 0.984375 0.38100961538461536 0.03125 0.06009615384615385
0 0.9302884615384616 0.3762019230769231 0.06490384615384616 0.08653846153846154
0 0.8689903846153846 0.36538461538461536 0.036057692307692304 0.06009615384615385
0 0.8461538461538461 0.34975961538461536 0.057692307692307696 0.08413461538461539
0 0.7800480769230769 0.35697115384615385 0.06009615384615385 0.09615384615384616
0 0.6802884615384616 0.35216346153846156 0.05048076923076923 0.0625
0 0.6262019230769231 0.328125 0.04807692307692308 0.0673076923076923
0 0.578125 0.33774038461538464 0.055288461538461536 0.07451923076923077
0 0.5396634615384616 0.3233173076923077 0.055288461538461536 0.07932692307692307
0 0.5084134615384616 0.3137019230769231 0.04807692307692308 0.0673076923076923
0 0.46274038461538464 0.3161057692307692 0.055288461538461536 0.08173076923076923