1 0.8497596153846154 0.4675480769230769 0.06490384615384616 0.10336538461538461
1 0.9134615384615384 0.49759615384615385 0.04567307692307692 0.07451923076923077
1 0.7043269230769231 0.47716346153846156 0.07932692307692307 0.11778846153846154
1 0.6622596153846154 0.4362980769230769 0.0625 0.09375
1 0.5432692307692307 0.44591346153846156 0.05048076923076923 0.07692307692307693
1 0.4987980769230769 0.4375 0.057692307692307696 0.09134615384615384
1 0.4567307692307692 0.4182692307692308 0.04567307692307692 0.07451923076923077
1 0.4098557692307692 0.4098557692307692 0.07692307692307693 0.11298076923076923
1 0.2860576923076923 0.38461538461538464 0.08413461538461539 0.11778846153846154
1 0.23798076923076922 0.3942307692307692 0.05048076923076923 0.07692307692307693
1 0.16826923076923078 0.3798076923076923 0.04567307692307692 0.07932692307692307
1 0.12620192307692307 0.3641826923076923 0.057692307692307696 0.09615384615384616
1 0.05889423076923077 0.3641826923076923 0.07451923076923077 0.10817307692307693
1 0.020432692307692308 0.3545673076923077 0.02403846153846154 0.07451923076923077