0 0.8822115384615384 0.28846153846153844 0.06971153846153846 0.09375
0 0.7295673076923077 0.31971153846153844 0.055288461538461536 0.08653846153846154
0 0.004807692307692308 0.4110576923076923 0.009615384615384616 0.057692307692307696
0 0.04447115384615385 0.38100961538461536 0.040865384615384616 0.06009615384615385
0 0.10817307692307693 0.3798076923076923 0.0625 0.08653846153846154
0 0.16947115384615385 0.3713942307692308 0.03365384615384615 0.06009615384615385
0 0.19471153846153846 0.35697115384615385 0.055288461538461536 0.08413461538461539
0 0.2620192307692308 0.36778846153846156 0.057692307692307696 0.09615384615384616
0 0.36658653846153844 0.36778846153846156 0.04807692307692308 0.0625
0 0.4230769230769231 0.34615384615384615 0.04807692307692308 0.06971153846153846
0 0.4735576923076923 0.359375 0.052884615384615384 0.07451923076923077
0 0.5132211538461539 0.3473557692307692 0.052884615384615384 0.07932692307692307
0 0.5444711538461539 0.33774038461538464 0.04807692307692308 0.06971153846153846
0 0.59375 0.3425480769230769 0.052884615384615384 0.08173076923076923