1 0.5540865384615384 0.19471153846153846 0.08653846153846154 0.1466346153846154
1 0.4519230769230769 0.16466346153846154 0.07932692307692307 0.1346153846153846
1 0.39783653846153844 0.2644230769230769 0.09615384615384616 0.15384615384615385
1 0.7259615384615384 0.14302884615384615 0.12980769230769232 0.18269230769230768
1 0.5132211538461539 0.10817307692307693 0.06490384615384616 0.12259615384615384
1 0.8377403846153846 0.171875 0.10096153846153846 0.1875
1 0.6177884615384616 0.13701923076923078 0.06490384615384616 0.11778846153846154
1 0.984375 0.10817307692307693 0.03125 0.10576923076923077
1 0.8978365384615384 0.1778846153846154 0.06490384615384616 0.13221153846153846
0 0.07451923076923077 0.16466346153846154 0.10817307692307693 0.18509615384615385
0 0.12379807692307693 0.2860576923076923 0.15144230769230768 0.21875