1 0.8257211538461539 0.43990384615384615 0.06009615384615385 0.0985576923076923
1 0.8918269230769231 0.4567307692307692 0.04326923076923077 0.07211538461538461
1 0.6862980769230769 0.4735576923076923 0.07451923076923077 0.11298076923076923
1 0.6382211538461539 0.4411057692307692 0.06009615384615385 0.09134615384615384
1 0.5240384615384616 0.47115384615384615 0.04567307692307692 0.07451923076923077
1 0.4795673076923077 0.4699519230769231 0.052884615384615384 0.0889423076923077
1 0.43509615384615385 0.45913461538461536 0.04326923076923077 0.07211538461538461
1 0.3894230769230769 0.4579326923076923 0.07211538461538461 0.10817307692307693
1 0.2644230769230769 0.4567307692307692 0.07932692307692307 0.11298076923076923
1 0.21995192307692307 0.4723557692307692 0.04567307692307692 0.07451923076923077
1 0.1502403846153846 0.4699519230769231 0.04326923076923077 0.07692307692307693
1 0.10697115384615384 0.46274038461538464 0.052884615384615384 0.09375
1 0.042067307692307696 0.47475961538461536 0.06971153846153846 0.10336538461538461
1 0.006009615384615385 0.47115384615384615 0.01201923076923077 0.07211538461538461