1 0.46033653846153844 0.4567307692307692 0.036057692307692304 0.0625
1 0.1346153846153846 0.4579326923076923 0.0673076923076923 0.11298076923076923
1 0.08173076923076923 0.49158653846153844 0.036057692307692304 0.052884615384615384
1 0.18028846153846154 0.4831730769230769 0.038461538461538464 0.07692307692307693
1 0.2668269230769231 0.41947115384615385 0.0625 0.11778846153846154
1 0.3545673076923077 0.49038461538461536 0.05048076923076923 0.09375
1 0.38100961538461536 0.45552884615384615 0.03125 0.057692307692307696
1 0.5168269230769231 0.4519230769230769 0.036057692307692304 0.0673076923076923
1 0.5480769230769231 0.41466346153846156 0.06009615384615385 0.10817307692307693
1 0.6490384615384616 0.44350961538461536 0.04567307692307692 0.08413461538461539
1 0.7439903846153846 0.38461538461538464 0.0625 0.10336538461538461
1 0.8629807692307693 0.4074519230769231 0.06490384615384616 0.11298076923076923