1 0.42788461538461536 0.3918269230769231 0.08173076923076923 0.1466346153846154
1 0.2091346153846154 0.3581730769230769 0.08413461538461539 0.1466346153846154
1 0.09495192307692307 0.4014423076923077 0.0889423076923077 0.13942307692307693
1 0.039663461538461536 0.39302884615384615 0.07932692307692307 0.13221153846153846
1 0.12259615384615384 0.3762019230769231 0.05048076923076923 0.11057692307692307
1 0.2932692307692308 0.35336538461538464 0.0889423076923077 0.11778846153846154
1 0.3401442307692308 0.36658653846153844 0.055288461538461536 0.11538461538461539
1 0.49278846153846156 0.36899038461538464 0.06971153846153846 0.12259615384615384
1 0.5709134615384616 0.3798076923076923 0.09375 0.125
1 0.6358173076923077 0.35096153846153844 0.06971153846153846 0.10576923076923077
1 0.7055288461538461 0.3605769230769231 0.0673076923076923 0.12980769230769232
1 0.7668269230769231 0.3858173076923077 0.07211538461538461 0.11057692307692307
1 0.8185096153846154 0.38461538461538464 0.06009615384615385 0.09615384615384616
1 0.8786057692307693 0.3629807692307692 0.0625 0.0985576923076923
1 0.9543269230769231 0.38221153846153844 0.07211538461538461 0.11538461538461539
1 0.9831730769230769 0.38100961538461536 0.026442307692307692 0.0889423076923077