1 0.5661057692307693 0.4326923076923077 0.08413461538461539 0.14903846153846154
1 0.7884615384615384 0.39783653846153844 0.08653846153846154 0.14903846153846154
1 0.9038461538461539 0.4423076923076923 0.09134615384615384 0.14182692307692307
1 0.9603365384615384 0.4326923076923077 0.07932692307692307 0.1346153846153846
1 0.8774038461538461 0.4170673076923077 0.05048076923076923 0.11298076923076923
1 0.703125 0.39302884615384615 0.0889423076923077 0.1201923076923077
1 0.65625 0.40625 0.057692307692307696 0.11778846153846154
1 0.4987980769230769 0.4098557692307692 0.06971153846153846 0.125
1 0.41947115384615385 0.4206730769230769 0.09375 0.12740384615384615
1 0.3545673076923077 0.390625 0.07211538461538461 0.10817307692307693
1 0.2824519230769231 0.40024038461538464 0.06971153846153846 0.13221153846153846
1 0.22115384615384615 0.4266826923076923 0.07211538461538461 0.11057692307692307
1 0.16947115384615385 0.4266826923076923 0.06009615384615385 0.09615384615384616
1 0.10817307692307693 0.40384615384615385 0.06490384615384616 0.10096153846153846
1 0.03245192307692308 0.42427884615384615 0.06490384615384616 0.11778846153846154