0 0.109375 0.30288461538461536 0.21394230769230768 0.3798076923076923
0 0.8605769230769231 0.296875 0.06490384615384616 0.1201923076923077
0 0.6826923076923077 0.30649038461538464 0.04807692307692308 0.11538461538461539
0 0.2692307692307692 0.33052884615384615 0.04807692307692308 0.10096153846153846
0 0.3161057692307692 0.3112980769230769 0.038461538461538464 0.06971153846153846
0 0.34975961538461536 0.32572115384615385 0.028846153846153848 0.0625
0 0.37740384615384615 0.3004807692307692 0.028846153846153848 0.06971153846153846
0 0.4254807692307692 0.31490384615384615 0.04326923076923077 0.08413461538461539
0 0.49278846153846156 0.3076923076923077 0.028846153846153848 0.057692307692307696
0 0.5456730769230769 0.3088942307692308 0.038461538461538464 0.07211538461538461
0 0.5973557692307693 0.3269230769230769 0.028846153846153848 0.052884615384615384
0 0.6418269230769231 0.32572115384615385 0.04326923076923077 0.07692307692307693
0 0.7307692307692307 0.34134615384615385 0.038461538461538464 0.0673076923076923
0 0.7680288461538461 0.3389423076923077 0.028846153846153848 0.057692307692307696
0 0.921875 0.31490384615384615 0.038461538461538464 0.07692307692307693