1 0.46153846153846156 0.4831730769230769 0.040865384615384616 0.06971153846153846
1 0.10216346153846154 0.4891826923076923 0.07451923076923077 0.125
1 0.046875 0.5276442307692307 0.040865384615384616 0.06009615384615385
1 0.15384615384615385 0.515625 0.04567307692307692 0.08653846153846154
1 0.24879807692307693 0.44471153846153844 0.07211538461538461 0.13221153846153846
1 0.34615384615384615 0.5216346153846154 0.055288461538461536 0.10336538461538461
1 0.3737980769230769 0.48197115384615385 0.036057692307692304 0.0625
1 0.5240384615384616 0.47596153846153844 0.040865384615384616 0.07451923076923077
1 0.5564903846153846 0.43509615384615385 0.0673076923076923 0.1201923076923077
1 0.6670673076923077 0.4651442307692308 0.052884615384615384 0.09375
1 0.7716346153846154 0.39783653846153844 0.06971153846153846 0.11298076923076923
1 0.9014423076923077 0.4206730769230769 0.07211538461538461 0.125