0 0.8641826923076923 0.2764423076923077 0.2692307692307692 0.40865384615384615
0 0.11899038461538461 0.3894230769230769 0.08173076923076923 0.12740384615384615
0 0.2956730769230769 0.3713942307692308 0.0673076923076923 0.12259615384615384
0 0.7091346153846154 0.33052884615384615 0.0625 0.10817307692307693
0 0.6610576923076923 0.31850961538461536 0.04807692307692308 0.07451923076923077
0 0.6286057692307693 0.3389423076923077 0.038461538461538464 0.0673076923076923
0 0.5973557692307693 0.3173076923076923 0.040865384615384616 0.07451923076923077
0 0.5528846153846154 0.3401442307692308 0.055288461538461536 0.0889423076923077
0 0.484375 0.3425480769230769 0.036057692307692304 0.06009615384615385
0 0.4326923076923077 0.35336538461538464 0.05048076923076923 0.07932692307692307
0 0.38341346153846156 0.3786057692307692 0.036057692307692304 0.057692307692307696
0 0.3389423076923077 0.38461538461538464 0.052884615384615384 0.08173076923076923
0 0.2536057692307692 0.41346153846153844 0.04807692307692308 0.07211538461538461
0 0.21514423076923078 0.4170673076923077 0.038461538461538464 0.06009615384615385
0 0.06009615384615385 0.4170673076923077 0.05048076923076923 0.08173076923076923