1 0.9819711538461539 0.38341346153846156 0.028846153846153848 0.11298076923076923
1 0.5396634615384616 0.4254807692307692 0.07692307692307693 0.1346153846153846
1 0.7331730769230769 0.3629807692307692 0.07932692307692307 0.1346153846153846
1 0.84375 0.3870192307692308 0.08413461538461539 0.12980769230769232
1 0.8930288461538461 0.3701923076923077 0.07451923076923077 0.12259615384615384
1 0.8149038461538461 0.36778846153846156 0.04807692307692308 0.10336538461538461
1 0.6550480769230769 0.3701923076923077 0.08413461538461539 0.11057692307692307
1 0.6153846153846154 0.3894230769230769 0.052884615384615384 0.10576923076923077
1 0.47716346153846156 0.41346153846153844 0.06490384615384616 0.11298076923076923
1 0.40625 0.43509615384615385 0.08653846153846154 0.11538461538461539
1 0.3449519230769231 0.4182692307692308 0.0673076923076923 0.0985576923076923
1 0.28125 0.4375 0.06490384615384616 0.1201923076923077
1 0.22956730769230768 0.4699519230769231 0.0673076923076923 0.10096153846153846
1 0.1814903846153846 0.47596153846153844 0.055288461538461536 0.0889423076923077
1 0.12379807692307693 0.4639423076923077 0.06009615384615385 0.09134615384615384
1 0.056490384615384616 0.49278846153846156 0.0673076923076923 0.10817307692307693
1 0.02403846153846154 0.4963942307692308 0.03365384615384615 0.08413461538461539