1 0.6971153846153846 0.47596153846153844 0.052884615384615384 0.07211538461538461
1 0.3088942307692308 0.5108173076923077 0.06490384615384616 0.0985576923076923
0 0.9627403846153846 0.43028846153846156 0.07451923076923077 0.1201923076923077
0 0.8305288461538461 0.38341346153846156 0.10576923076923077 0.16105769230769232
0 0.6334134615384616 0.4495192307692308 0.0985576923076923 0.14182692307692307
0 0.5288461538461539 0.47115384615384615 0.07451923076923077 0.11778846153846154
0 0.42788461538461536 0.5036057692307693 0.052884615384615384 0.09134615384615384
0 0.3605769230769231 0.5192307692307693 0.10096153846153846 0.15144230769230768
0 0.18629807692307693 0.4699519230769231 0.1346153846153846 0.19471153846153846
0 0.08653846153846154 0.5372596153846154 0.11538461538461539 0.17548076923076922
0 0.019230769230769232 0.53125 0.038461538461538464 0.10096153846153846