1 0.9867788461538461 0.40865384615384615 0.026442307692307692 0.13942307692307693
1 0.41947115384615385 0.30408653846153844 0.08653846153846154 0.14903846153846154
1 0.17668269230769232 0.13341346153846154 0.2091346153846154 0.2668269230769231
1 0.7644230769230769 0.37740384615384615 0.08413461538461539 0.13221153846153846
1 0.9615384615384616 0.43028846153846156 0.07451923076923077 0.11298076923076923
1 0.9134615384615384 0.41586538461538464 0.0673076923076923 0.11298076923076923
1 0.5432692307692307 0.36538461538461536 0.07692307692307693 0.11778846153846154
1 0.6574519230769231 0.3858173076923077 0.0673076923076923 0.11298076923076923
1 0.8149038461538461 0.4182692307692308 0.06009615384615385 0.09615384615384616
1 0.46875 0.37740384615384615 0.055288461538461536 0.07932692307692307
1 0.34134615384615385 0.34134615384615385 0.0625 0.10576923076923077