1 0.06971153846153846 0.28725961538461536 0.0889423076923077 0.1346153846153846
1 0.6382211538461539 0.36658653846153844 0.07692307692307693 0.13701923076923078
1 0.9074519230769231 0.2620192307692308 0.18509615384615385 0.2932692307692308
1 0.3112980769230769 0.3317307692307692 0.07451923076923077 0.12259615384615384
1 0.1201923076923077 0.32211538461538464 0.0673076923076923 0.10576923076923077
1 0.16706730769230768 0.32211538461538464 0.06009615384615385 0.10336538461538461
1 0.5108173076923077 0.38461538461538464 0.06971153846153846 0.10817307692307693
1 0.4026442307692308 0.3713942307692308 0.06009615384615385 0.10336538461538461
1 0.2536057692307692 0.3545673076923077 0.055288461538461536 0.0889423076923077
1 0.5733173076923077 0.4170673076923077 0.04807692307692308 0.07211538461538461
1 0.6971153846153846 0.421875 0.055288461538461536 0.0985576923076923