1 0.5492788461538461 0.2536057692307692 0.10096153846153846 0.15625
1 0.234375 0.18028846153846154 0.09615384615384616 0.15625
1 0.3545673076923077 0.14543269230769232 0.10817307692307693 0.1658653846153846
1 0.47475961538461536 0.25240384615384615 0.07451923076923077 0.11538461538461539
1 0.38822115384615385 0.22716346153846154 0.06971153846153846 0.12259615384615384
1 0.14783653846153846 0.16947115384615385 0.06490384615384616 0.1201923076923077
1 0.7716346153846154 0.2283653846153846 0.0673076923076923 0.10096153846153846
1 0.10697115384615384 0.14783653846153846 0.055288461538461536 0.12740384615384615
1 0.07692307692307693 0.15504807692307693 0.04567307692307692 0.08413461538461539
1 0.04807692307692308 0.14302884615384615 0.036057692307692304 0.08413461538461539
1 0.2932692307692308 0.20432692307692307 0.07211538461538461 0.10096153846153846