1 0.5024038461538461 0.2692307692307692 0.10576923076923077 0.15625
1 0.8185096153846154 0.27884615384615385 0.10096153846153846 0.15625
1 0.7139423076923077 0.21514423076923078 0.11538461538461539 0.1658653846153846
1 0.5733173076923077 0.2860576923076923 0.07692307692307693 0.11538461538461539
1 0.6610576923076923 0.2848557692307692 0.07451923076923077 0.12259615384615384
1 0.9026442307692307 0.29086538461538464 0.06971153846153846 0.11778846153846154
1 0.29927884615384615 0.18990384615384615 0.06971153846153846 0.10096153846153846
1 0.9471153846153846 0.28125 0.06009615384615385 0.125
1 0.9747596153846154 0.29447115384615385 0.04807692307692308 0.08413461538461539
1 0.9915865384615384 0.28966346153846156 0.016826923076923076 0.08413461538461539
1 0.7572115384615384 0.2860576923076923 0.07451923076923077 0.10096153846153846