1 0.48677884615384615 0.24519230769230768 0.09375 0.1466346153846154
1 0.7872596153846154 0.1814903846153846 0.0889423076923077 0.1466346153846154
1 0.6742788461538461 0.14543269230769232 0.10096153846153846 0.15625
1 0.5576923076923077 0.24519230769230768 0.0673076923076923 0.11057692307692307
1 0.6394230769230769 0.22355769230769232 0.0625 0.11538461538461539
1 0.8689903846153846 0.17307692307692307 0.06009615384615385 0.11298076923076923
1 0.2776442307692308 0.21875 0.0625 0.09375
1 0.9086538461538461 0.15264423076923078 0.05048076923076923 0.1201923076923077
1 0.9375 0.15865384615384615 0.04326923076923077 0.07932692307692307
1 0.9615384615384616 0.14903846153846154 0.026442307692307692 0.08173076923076923
1 0.7307692307692307 0.20192307692307693 0.0673076923076923 0.09375