1 0.6574519230769231 0.5288461538461539 0.05048076923076923 0.0673076923076923
1 0.30288461538461536 0.48677884615384615 0.0625 0.09134615384615384
0 0.9567307692307693 0.5228365384615384 0.08653846153846154 0.15625
0 0.9038461538461539 0.5396634615384616 0.07211538461538461 0.11057692307692307
0 0.7944711538461539 0.47115384615384615 0.10096153846153846 0.14903846153846154
0 0.6045673076923077 0.49399038461538464 0.09615384615384616 0.13221153846153846
0 0.5072115384615384 0.49278846153846156 0.07211538461538461 0.10817307692307693
0 0.4110576923076923 0.5024038461538461 0.05048076923076923 0.08413461538461539
0 0.3473557692307692 0.5048076923076923 0.09615384615384616 0.14182692307692307
0 0.20072115384615385 0.4266826923076923 0.12980769230769232 0.18269230769230768
0 0.09975961538461539 0.46875 0.11057692307692307 0.16346153846153846
0 0.028846153846153848 0.4483173076923077 0.057692307692307696 0.09375