1 0.6550480769230769 0.5384615384615384 0.04807692307692308 0.0673076923076923
1 0.28125 0.5264423076923077 0.057692307692307696 0.09134615384615384
0 0.9639423076923077 0.5036057692307693 0.07211538461538461 0.15625
0 0.9134615384615384 0.5276442307692307 0.06490384615384616 0.11298076923076923
0 0.7920673076923077 0.4639423076923077 0.09375 0.14903846153846154
0 0.5973557692307693 0.5060096153846154 0.0889423076923077 0.13221153846153846
0 0.4951923076923077 0.5144230769230769 0.0673076923076923 0.10817307692307693
0 0.39663461538461536 0.5336538461538461 0.04807692307692308 0.08653846153846154
0 0.33052884615384615 0.5408653846153846 0.0889423076923077 0.14182692307692307
0 0.16947115384615385 0.4723557692307692 0.1201923076923077 0.18269230769230768
0 0.06850961538461539 0.5252403846153846 0.10336538461538461 0.16346153846153846
0 0.009615384615384616 0.5132211538461539 0.019230769230769232 0.09375