1 0.7824519230769231 0.7848557692307693 0.09134615384615384 0.09615384615384616
1 0.7932692307692307 0.6454326923076923 0.057692307692307696 0.055288461538461536
0 0.07692307692307693 0.42908653846153844 0.06490384615384616 0.06971153846153846
0 0.21995192307692307 0.5360576923076923 0.0889423076923077 0.07692307692307693
0 0.1466346153846154 0.46033653846153844 0.07211538461538461 0.06009615384615385
0 0.10697115384615384 0.46875 0.052884615384615384 0.05048076923076923
0 0.9170673076923077 0.6935096153846154 0.04326923076923077 0.04326923076923077
0 0.8966346153846154 0.7259615384615384 0.052884615384615384 0.052884615384615384
0 0.7079326923076923 0.6826923076923077 0.06490384615384616 0.06490384615384616
0 0.7139423076923077 0.6165865384615384 0.04567307692307692 0.04567307692307692
0 0.3112980769230769 0.6189903846153846 0.09134615384615384 0.07932692307692307
0 0.4050480769230769 0.5817307692307693 0.07211538461538461 0.07211538461538461
0 0.3581730769230769 0.5408653846153846 0.06009615384615385 0.0625
0 0.5096153846153846 0.5889423076923077 0.05048076923076923 0.04326923076923077
0 0.5588942307692307 0.625 0.057692307692307696 0.04807692307692308
0 0.6069711538461539 0.6538461538461539 0.052884615384615384 0.0625
0 0.47115384615384615 0.6802884615384616 0.07692307692307693 0.07211538461538461
0 0.6622596153846154 0.6610576923076923 0.055288461538461536 0.06009615384615385
0 0.5516826923076923 0.578125 0.038461538461538464 0.038461538461538464