1 0.9879807692307693 0.5384615384615384 0.02403846153846154 0.0673076923076923
1 0.9435096153846154 0.5432692307692307 0.04567307692307692 0.0673076923076923
1 0.8918269230769231 0.625 0.052884615384615384 0.07692307692307693
1 0.5444711538461539 0.5480769230769231 0.05048076923076923 0.08413461538461539
1 0.6394230769230769 0.6009615384615384 0.038461538461538464 0.06490384615384616
1 0.7704326923076923 0.5564903846153846 0.036057692307692304 0.055288461538461536
1 0.8389423076923077 0.5817307692307693 0.036057692307692304 0.0673076923076923
1 0.19831730769230768 0.6983173076923077 0.04567307692307692 0.0673076923076923
1 0.11298076923076923 0.4807692307692308 0.038461538461538464 0.0625
1 0.22235576923076922 0.5024038461538461 0.04567307692307692 0.0673076923076923
1 0.3112980769230769 0.5372596153846154 0.040865384615384616 0.0673076923076923
1 0.4411057692307692 0.5432692307692307 0.055288461538461536 0.08173076923076923
1 0.47475961538461536 0.5444711538461539 0.04326923076923077 0.07692307692307693
1 0.8569711538461539 0.5348557692307693 0.03365384615384615 0.0625
1 0.8137019230769231 0.5348557692307693 0.036057692307692304 0.06009615384615385
1 0.7956730769230769 0.5540865384615384 0.038461538461538464 0.06490384615384616
0 0.6009615384615384 0.6069711538461539 0.03365384615384615 0.06009615384615385
0 0.375 0.5252403846153846 0.04567307692307692 0.07211538461538461