1 0.4074519230769231 0.15745192307692307 0.18269230769230768 0.2644230769230769
1 0.5024038461538461 0.421875 0.09375 0.15384615384615385
1 0.171875 0.42908653846153844 0.0889423076923077 0.18028846153846154
1 0.018028846153846152 0.34375 0.036057692307692304 0.14423076923076922
1 0.578125 0.43028846153846156 0.06490384615384616 0.10336538461538461
1 0.5036057692307693 0.28725961538461536 0.036057692307692304 0.06490384615384616
1 0.6105769230769231 0.390625 0.04807692307692308 0.06490384615384616
1 0.7439903846153846 0.36658653846153844 0.036057692307692304 0.06009615384615385
1 0.8569711538461539 0.28846153846153844 0.028846153846153848 0.055288461538461536
1 0.6971153846153846 0.3389423076923077 0.036057692307692304 0.057692307692307696
1 0.7512019230769231 0.30528846153846156 0.028846153846153848 0.057692307692307696
1 0.6021634615384616 0.2824519230769231 0.038461538461538464 0.06009615384615385
1 0.7211538461538461 0.2800480769230769 0.028846153846153848 0.06009615384615385