1 0.5841346153846154 0.10817307692307693 0.1971153846153846 0.21634615384615385
1 0.515625 0.3701923076923077 0.10576923076923077 0.16826923076923078
1 0.8713942307692307 0.33533653846153844 0.10096153846153846 0.19471153846153846
1 0.4338942307692308 0.3894230769230769 0.07211538461538461 0.11298076923076923
1 0.4963942307692308 0.22596153846153846 0.040865384615384616 0.06971153846153846
1 0.3954326923076923 0.35216346153846156 0.052884615384615384 0.06971153846153846
1 0.24759615384615385 0.3425480769230769 0.040865384615384616 0.06490384615384616
1 0.11658653846153846 0.27524038461538464 0.03365384615384615 0.06009615384615385
1 0.29447115384615385 0.3088942307692308 0.040865384615384616 0.0625
1 0.234375 0.2776442307692308 0.03365384615384615 0.0625
1 0.3894230769230769 0.23557692307692307 0.04326923076923077 0.0673076923076923
1 0.2620192307692308 0.24759615384615385 0.03125 0.06490384615384616