1 0.15504807692307693 0.7668269230769231 0.08413461538461539 0.09134615384615384
1 0.15865384615384615 0.6213942307692307 0.057692307692307696 0.052884615384615384
0 0.9266826923076923 0.47475961538461536 0.0625 0.0673076923076923
0 0.765625 0.5709134615384616 0.08653846153846154 0.07211538461538461
0 0.8509615384615384 0.5 0.06971153846153846 0.055288461538461536
0 0.8918269230769231 0.5132211538461539 0.04807692307692308 0.04567307692307692
0 0.026442307692307692 0.6586538461538461 0.040865384615384616 0.04326923076923077
0 0.04326923076923077 0.6935096153846154 0.052884615384615384 0.052884615384615384
0 0.24278846153846154 0.6694711538461539 0.0625 0.0625
0 0.24519230769230768 0.6009615384615384 0.04567307692307692 0.04567307692307692
0 0.6634615384615384 0.6466346153846154 0.0889423076923077 0.07451923076923077
0 0.5685096153846154 0.5973557692307693 0.0673076923076923 0.06971153846153846
0 0.6225961538461539 0.5612980769230769 0.057692307692307696 0.06009615384615385
0 0.46033653846153844 0.59375 0.04807692307692308 0.040865384615384616
0 0.4050480769230769 0.6262019230769231 0.055288461538461536 0.04567307692307692
0 0.35096153846153844 0.6502403846153846 0.05048076923076923 0.06009615384615385
0 0.4891826923076923 0.6935096153846154 0.07451923076923077 0.0673076923076923
0 0.2932692307692308 0.6514423076923077 0.052884615384615384 0.057692307692307696
0 0.4170673076923077 0.578125 0.036057692307692304 0.038461538461538464