1 0.47115384615384615 0.14302884615384615 0.20192307692307693 0.27163461538461536
1 0.5072115384615384 0.41225961538461536 0.10576923076923077 0.15625
1 0.19110576923076922 0.35216346153846156 0.10336538461538461 0.18028846153846154
1 0.056490384615384616 0.24158653846153846 0.0625 0.14182692307692307
1 0.578125 0.4362980769230769 0.07451923076923077 0.10576923076923077
1 0.5360576923076923 0.2848557692307692 0.040865384615384616 0.06490384615384616
1 0.6177884615384616 0.4050480769230769 0.052884615384615384 0.0673076923076923
1 0.7487980769230769 0.4098557692307692 0.040865384615384616 0.0625
1 0.8725961538461539 0.3581730769230769 0.03365384615384615 0.055288461538461536
1 0.7103365384615384 0.3737980769230769 0.040865384615384616 0.057692307692307696
1 0.7668269230769231 0.35216346153846156 0.03365384615384615 0.057692307692307696
1 0.6298076923076923 0.3016826923076923 0.04326923076923077 0.0625
1 0.7451923076923077 0.32211538461538464 0.03365384615384615 0.06009615384615385