0 0.13221153846153846 0.5528846153846154 0.07211538461538461 0.09615384615384616
0 0.7716346153846154 0.45913461538461536 0.06490384615384616 0.09615384615384616
0 0.4110576923076923 0.5348557692307693 0.0673076923076923 0.09615384615384616
0 0.5829326923076923 0.49158653846153844 0.0673076923076923 0.09375
0 0.9543269230769231 0.4387019230769231 0.055288461538461536 0.08173076923076923
0 0.8125 0.45913461538461536 0.040865384615384616 0.07451923076923077
0 0.6598557692307693 0.45913461538461536 0.05048076923076923 0.08173076923076923
0 0.6189903846153846 0.4519230769230769 0.052884615384615384 0.08173076923076923
0 0.49038461538461536 0.5228365384615384 0.06009615384615385 0.08173076923076923
0 0.4483173076923077 0.5072115384615384 0.04326923076923077 0.07451923076923077
0 0.33774038461538464 0.5144230769230769 0.055288461538461536 0.07692307692307693
0 0.2608173076923077 0.5360576923076923 0.0625 0.09375