0 0.07091346153846154 0.5612980769230769 0.06971153846153846 0.10096153846153846
0 0.7872596153846154 0.5432692307692307 0.06490384615384616 0.10096153846153846
0 0.3798076923076923 0.578125 0.0673076923076923 0.10096153846153846
0 0.5757211538461539 0.5528846153846154 0.0673076923076923 0.0985576923076923
0 0.9819711538461539 0.5456730769230769 0.036057692307692304 0.08653846153846154
0 0.8329326923076923 0.5492788461538461 0.038461538461538464 0.08173076923076923
0 0.6658653846153846 0.5276442307692307 0.04807692307692308 0.08653846153846154
0 0.6225961538461539 0.515625 0.05048076923076923 0.08653846153846154
0 0.4699519230769231 0.5757211538461539 0.06009615384615385 0.08653846153846154
0 0.4254807692307692 0.5540865384615384 0.040865384615384616 0.08173076923076923
0 0.3004807692307692 0.5456730769230769 0.055288461538461536 0.08173076923076923
0 0.21514423076923078 0.5588942307692307 0.0625 0.0985576923076923