0 0.07932692307692307 0.5348557692307693 0.06971153846153846 0.0985576923076923
0 0.7704326923076923 0.48197115384615385 0.0625 0.0985576923076923
0 0.37740384615384615 0.5360576923076923 0.06490384615384616 0.0985576923076923
0 0.5649038461538461 0.5024038461538461 0.06490384615384616 0.09615384615384616
0 0.9663461538461539 0.4735576923076923 0.055288461538461536 0.08413461538461539
0 0.8149038461538461 0.484375 0.038461538461538464 0.07932692307692307
0 0.6502403846153846 0.4735576923076923 0.04807692307692308 0.08413461538461539
0 0.6081730769230769 0.4639423076923077 0.05048076923076923 0.08413461538461539
0 0.4651442307692308 0.5288461538461539 0.057692307692307696 0.08413461538461539
0 0.4206730769230769 0.5096153846153846 0.040865384615384616 0.07932692307692307
0 0.3004807692307692 0.5084134615384616 0.055288461538461536 0.07932692307692307
0 0.21875 0.5252403846153846 0.06009615384615385 0.09615384615384616