1 0.9903846153846154 0.5180288461538461 0.019230769230769232 0.06971153846153846
1 0.9483173076923077 0.5276442307692307 0.04807692307692308 0.06971153846153846
1 0.9002403846153846 0.6117788461538461 0.055288461538461536 0.07932692307692307
1 0.5444711538461539 0.5516826923076923 0.055288461538461536 0.08653846153846154
1 0.6442307692307693 0.6009615384615384 0.04326923076923077 0.06971153846153846
1 0.7752403846153846 0.5492788461538461 0.038461538461538464 0.057692307692307696
1 0.84375 0.5721153846153846 0.040865384615384616 0.06971153846153846
1 0.20673076923076922 0.7223557692307693 0.04807692307692308 0.06971153846153846
1 0.10817307692307693 0.5084134615384616 0.040865384615384616 0.06490384615384616
1 0.21995192307692307 0.5240384615384616 0.05048076923076923 0.06971153846153846
1 0.31009615384615385 0.5552884615384616 0.04326923076923077 0.07211538461538461
1 0.4423076923076923 0.5528846153846154 0.06009615384615385 0.08413461538461539
1 0.47596153846153844 0.5528846153846154 0.04807692307692308 0.07692307692307693
1 0.8605769230769231 0.5240384615384616 0.038461538461538464 0.06490384615384616
1 0.8161057692307693 0.5240384615384616 0.038461538461538464 0.06009615384615385
1 0.7992788461538461 0.5456730769230769 0.04326923076923077 0.06971153846153846
0 0.6069711538461539 0.609375 0.036057692307692304 0.06009615384615385
0 0.375 0.5384615384615384 0.05048076923076923 0.07451923076923077