0 0.15144230769230768 0.6502403846153846 0.08173076923076923 0.10336538461538461
0 0.25841346153846156 0.7824519230769231 0.1201923076923077 0.18028846153846154
0 0.3798076923076923 0.6730769230769231 0.07211538461538461 0.09134615384615384
0 0.5396634615384616 0.6526442307692307 0.0673076923076923 0.08413461538461539
0 0.6117788461538461 0.8004807692307693 0.0889423076923077 0.11298076923076923
0 0.8533653846153846 0.7175480769230769 0.11057692307692307 0.14903846153846154
0 0.9891826923076923 0.7307692307692307 0.021634615384615384 0.1201923076923077
0 0.9915865384615384 0.6057692307692307 0.016826923076923076 0.07211538461538461
0 0.9110576923076923 0.6081730769230769 0.052884615384615384 0.06971153846153846
0 0.7103365384615384 0.6418269230769231 0.055288461538461536 0.07932692307692307
0 0.6322115384615384 0.6370192307692307 0.057692307692307696 0.07932692307692307
0 0.8365384615384616 0.6177884615384616 0.05048076923076923 0.0625