0 0.24519230769230768 0.4110576923076923 0.09615384615384616 0.16105769230769232
0 0.9362980769230769 0.4987980769230769 0.12740384615384615 0.21394230769230768
0 0.11778846153846154 0.421875 0.12259615384615384 0.20192307692307693
0 0.9362980769230769 0.3762019230769231 0.07932692307692307 0.11538461538461539
0 0.7872596153846154 0.36177884615384615 0.07451923076923077 0.1201923076923077
0 0.051682692307692304 0.4891826923076923 0.10336538461538461 0.21394230769230768
0 0.6694711538461539 0.46033653846153844 0.11057692307692307 0.16346153846153846
0 0.5793269230769231 0.3557692307692308 0.07211538461538461 0.11538461538461539
0 0.7728365384615384 0.5024038461538461 0.11057692307692307 0.17548076923076922
0 0.7151442307692307 0.35697115384615385 0.055288461538461536 0.0889423076923077
0 0.6490384615384616 0.38822115384615385 0.06490384615384616 0.11057692307692307
0 0.14903846153846154 0.3125 0.06490384615384616 0.0889423076923077
0 0.6177884615384616 0.33533653846153844 0.04326923076923077 0.07451923076923077