1 0.35697115384615385 0.24759615384615385 0.08653846153846154 0.15865384615384615
1 0.53125 0.27524038461538464 0.07451923076923077 0.13942307692307693
1 0.6634615384615384 0.25841346153846156 0.06971153846153846 0.14182692307692307
1 0.09254807692307693 0.31971153846153844 0.07451923076923077 0.14903846153846154
1 0.4675480769230769 0.2704326923076923 0.07451923076923077 0.13701923076923078
1 0.21995192307692307 0.3329326923076923 0.08173076923076923 0.16105769230769232
1 0.040865384615384616 0.33052884615384615 0.08173076923076923 0.25240384615384615
1 0.8509615384615384 0.2704326923076923 0.07451923076923077 0.13942307692307693
1 0.9134615384615384 0.22355769230769232 0.07451923076923077 0.12980769230769232
1 0.7439903846153846 0.24278846153846154 0.06971153846153846 0.11778846153846154
1 0.2668269230769231 0.3317307692307692 0.06009615384615385 0.12259615384615384
1 0.15264423076923078 0.3425480769230769 0.05048076923076923 0.09615384615384616
1 0.6286057692307693 0.29086538461538464 0.05048076923076923 0.10817307692307693
1 0.3137019230769231 0.30649038461538464 0.052884615384615384 0.10817307692307693
1 0.5709134615384616 0.2800480769230769 0.05048076923076923 0.10336538461538461