1 0.5408653846153846 0.2860576923076923 0.07932692307692307 0.14423076923076922
1 0.39302884615384615 0.3485576923076923 0.0673076923076923 0.125
1 0.27524038461538464 0.36177884615384615 0.0625 0.12980769230769232
1 0.7860576923076923 0.2920673076923077 0.0673076923076923 0.1346153846153846
1 0.44711538461538464 0.3293269230769231 0.0673076923076923 0.12259615384615384
1 0.6778846153846154 0.33052884615384615 0.07211538461538461 0.14423076923076922
1 0.859375 0.2848557692307692 0.12740384615384615 0.23076923076923078
1 0.1141826923076923 0.41346153846153844 0.0673076923076923 0.125
1 0.04927884615384615 0.3858173076923077 0.0673076923076923 0.11538461538461539
1 0.20072115384615385 0.36658653846153844 0.0625 0.10576923076923077
1 0.6358173076923077 0.3389423076923077 0.052884615384615384 0.11057692307692307
1 0.7379807692307693 0.3245192307692308 0.04567307692307692 0.08653846153846154
1 0.3112980769230769 0.38221153846153844 0.04567307692307692 0.09615384615384616
0 0.9362980769230769 0.2920673076923077 0.0625 0.13221153846153846
1 0.5889423076923077 0.328125 0.04807692307692308 0.0985576923076923
1 0.359375 0.3605769230769231 0.04567307692307692 0.09375