1 0.5709134615384616 0.23798076923076922 0.08173076923076923 0.15384615384615385
1 0.4110576923076923 0.30288461538461536 0.06971153846153846 0.1346153846153846
1 0.2848557692307692 0.31490384615384615 0.06490384615384616 0.13701923076923078
1 0.8353365384615384 0.25 0.06971153846153846 0.1466346153846154
1 0.47115384615384615 0.2848557692307692 0.07211538461538461 0.13221153846153846
1 0.7175480769230769 0.28846153846153844 0.07451923076923077 0.15625
1 0.9146634615384616 0.24278846153846154 0.13221153846153846 0.24759615384615385
1 0.11057692307692307 0.36658653846153844 0.06971153846153846 0.1346153846153846
1 0.040865384615384616 0.33653846153846156 0.07211538461538461 0.125
1 0.20432692307692307 0.3173076923076923 0.06490384615384616 0.11298076923076923
1 0.671875 0.296875 0.055288461538461536 0.1201923076923077
1 0.7836538461538461 0.28365384615384615 0.04567307692307692 0.09375
1 0.3233173076923077 0.33774038461538464 0.04807692307692308 0.10336538461538461
1 0.6225961538461539 0.28365384615384615 0.05048076923076923 0.10336538461538461
1 0.375 0.3161057692307692 0.04807692307692308 0.10096153846153846