0 0.7632211538461539 0.4723557692307692 0.0889423076923077 0.16105769230769232
0 0.056490384615384616 0.4254807692307692 0.11298076923076923 0.21153846153846154
0 0.8894230769230769 0.5084134615384616 0.11778846153846154 0.20192307692307693
0 0.078125 0.30408653846153844 0.07451923076923077 0.11538461538461539
0 0.23076923076923078 0.31850961538461536 0.06971153846153846 0.1201923076923077
0 0.9471153846153846 0.5877403846153846 0.10576923076923077 0.21394230769230768
0 0.328125 0.4387019230769231 0.10576923076923077 0.16346153846153846
0 0.4387019230769231 0.35216346153846156 0.06971153846153846 0.11538461538461539
0 0.21634615384615385 0.46033653846153844 0.10336538461538461 0.17548076923076922
0 0.30408653846153844 0.3269230769230769 0.05048076923076923 0.08653846153846154
0 0.3629807692307692 0.3713942307692308 0.06009615384615385 0.11057692307692307
0 0.8798076923076923 0.39302884615384615 0.0625 0.0889423076923077
0 0.40384615384615385 0.3245192307692308 0.040865384615384616 0.07211538461538461