1 0.7920673076923077 0.39663461538461536 0.09375 0.13701923076923078
1 0.96875 0.4651442307692308 0.0625 0.12259615384615384
1 0.4362980769230769 0.38100961538461536 0.07451923076923077 0.09615384615384616
1 0.9014423076923077 0.45552884615384615 0.055288461538461536 0.08173076923076923
1 0.7307692307692307 0.43149038461538464 0.06490384615384616 0.09134615384615384
1 0.6550480769230769 0.43028846153846156 0.040865384615384616 0.0673076923076923
0 0.6165865384615384 0.41225961538461536 0.0625 0.08173076923076923
1 0.4987980769230769 0.35697115384615385 0.055288461538461536 0.0889423076923077
1 0.3870192307692308 0.34975961538461536 0.052884615384615384 0.0985576923076923
1 0.3088942307692308 0.33413461538461536 0.0625 0.10576923076923077
1 0.24759615384615385 0.32572115384615385 0.0625 0.09615384615384616