1 0.1658653846153846 0.453125 0.09134615384615384 0.1346153846153846
1 0.5060096153846154 0.421875 0.0625 0.0985576923076923
1 0.7668269230769231 0.40625 0.07932692307692307 0.09615384615384616
1 0.25600961538461536 0.4423076923076923 0.057692307692307696 0.0985576923076923
1 0.3954326923076923 0.46875 0.05048076923076923 0.06971153846153846
1 0.5612980769230769 0.4495192307692308 0.040865384615384616 0.0673076923076923
1 0.6478365384615384 0.43028846153846156 0.05048076923076923 0.07211538461538461
1 0.7199519230769231 0.43990384615384615 0.052884615384615384 0.07451923076923077
1 0.84375 0.40865384615384615 0.04567307692307692 0.07692307692307693
1 0.875 0.40865384615384615 0.05048076923076923 0.08173076923076923
1 0.9663461538461539 0.3557692307692308 0.04567307692307692 0.09134615384615384