1 0.8257211538461539 0.34615384615384615 0.08413461538461539 0.10576923076923077
1 0.10697115384615384 0.5360576923076923 0.06009615384615385 0.0889423076923077
0 0.06370192307692307 0.546875 0.0673076923076923 0.09375
1 0.09254807692307693 0.47115384615384615 0.04807692307692308 0.07451923076923077
1 0.18509615384615385 0.5048076923076923 0.040865384615384616 0.07692307692307693
0 0.21754807692307693 0.49399038461538464 0.057692307692307696 0.07692307692307693
0 0.7259615384615384 0.3641826923076923 0.0625 0.08173076923076923
0 0.6358173076923077 0.44350961538461536 0.04807692307692308 0.06009615384615385
0 0.6021634615384616 0.42908653846153844 0.040865384615384616 0.06971153846153846
0 0.5733173076923077 0.4254807692307692 0.04807692307692308 0.08173076923076923
1 0.5120192307692307 0.42908653846153844 0.04326923076923077 0.08173076923076923
0 0.4795673076923077 0.42908653846153844 0.055288461538461536 0.09134615384615384
0 0.3737980769230769 0.4807692307692308 0.0673076923076923 0.10096153846153846
0 0.4338942307692308 0.453125 0.05048076923076923 0.08653846153846154
0 0.3401442307692308 0.4675480769230769 0.05048076923076923 0.08653846153846154