1 0.9591346153846154 0.35216346153846156 0.07932692307692307 0.24278846153846154
1 0.90625 0.3786057692307692 0.0985576923076923 0.22596153846153846
1 0.8004807692307693 0.3701923076923077 0.14423076923076922 0.2764423076923077
1 0.6550480769230769 0.3786057692307692 0.125 0.25961538461538464
1 0.6802884615384616 0.2764423076923077 0.10817307692307693 0.2403846153846154
1 0.47716346153846156 0.3449519230769231 0.11057692307692307 0.23076923076923078
1 0.5048076923076923 0.28125 0.0889423076923077 0.16346153846153846
1 0.34615384615384615 0.41466346153846156 0.1201923076923077 0.24519230769230768
1 0.2127403846153846 0.2956730769230769 0.15144230769230768 0.28846153846153844
1 0.3449519230769231 0.25600961538461536 0.11057692307692307 0.17307692307692307
1 0.0985576923076923 0.4074519230769231 0.10096153846153846 0.16346153846153846
1 0.030048076923076924 0.31009615384615385 0.06009615384615385 0.30288461538461536
0 0.5300480769230769 0.43509615384615385 0.11538461538461539 0.20673076923076922