0 0.671875 0.37740384615384615 0.05048076923076923 0.0985576923076923
0 0.36177884615384615 0.3762019230769231 0.055288461538461536 0.09615384615384616
0 0.22115384615384615 0.36899038461538464 0.055288461538461536 0.0889423076923077
0 0.796875 0.38822115384615385 0.057692307692307696 0.07692307692307693
0 0.5721153846153846 0.3858173076923077 0.038461538461538464 0.07692307692307693
0 0.515625 0.34375 0.057692307692307696 0.09615384615384616
0 0.4423076923076923 0.36177884615384615 0.04326923076923077 0.07932692307692307
0 0.2692307692307692 0.3786057692307692 0.03365384615384615 0.06971153846153846
0 0.17908653846153846 0.38221153846153844 0.028846153846153848 0.06971153846153846
0 0.11298076923076923 0.3762019230769231 0.04326923076923077 0.08173076923076923
0 0.057692307692307696 0.39783653846153844 0.055288461538461536 0.10096153846153846