0 0.328125 0.3401442307692308 0.055288461538461536 0.10096153846153846
0 0.6334134615384616 0.3557692307692308 0.06009615384615385 0.0985576923076923
0 0.7728365384615384 0.3557692307692308 0.057692307692307696 0.09134615384615384
0 0.203125 0.3449519230769231 0.06009615384615385 0.07932692307692307
0 0.4254807692307692 0.3545673076923077 0.040865384615384616 0.07692307692307693
0 0.4831730769230769 0.31490384615384615 0.0625 0.0985576923076923
0 0.5540865384615384 0.33653846153846156 0.04567307692307692 0.08173076923076923
0 0.7247596153846154 0.3629807692307692 0.03365384615384615 0.07211538461538461
0 0.8137019230769231 0.3713942307692308 0.03365384615384615 0.07211538461538461
0 0.8786057692307693 0.36778846153846156 0.04567307692307692 0.08413461538461539
0 0.9326923076923077 0.39302884615384615 0.06009615384615385 0.10336538461538461