1 0.953125 0.3737980769230769 0.09375 0.24278846153846154
1 0.8942307692307693 0.4014423076923077 0.09615384615384616 0.22355769230769232
1 0.7896634615384616 0.39302884615384615 0.14182692307692307 0.27163461538461536
1 0.6466346153846154 0.4026442307692308 0.12259615384615384 0.2548076923076923
1 0.671875 0.3004807692307692 0.10817307692307693 0.23798076923076922
1 0.4723557692307692 0.36899038461538464 0.11057692307692307 0.22596153846153846
1 0.4987980769230769 0.30528846153846156 0.0889423076923077 0.16105769230769232
1 0.34375 0.4362980769230769 0.11778846153846154 0.24278846153846154
1 0.2127403846153846 0.31971153846153844 0.14903846153846154 0.2860576923076923
1 0.34134615384615385 0.28125 0.11057692307692307 0.17067307692307693
1 0.10096153846153846 0.42908653846153844 0.0985576923076923 0.16105769230769232
1 0.030048076923076924 0.3329326923076923 0.06009615384615385 0.3004807692307692
0 0.5252403846153846 0.4579326923076923 0.11298076923076923 0.20432692307692307