1 0.8365384615384616 0.3942307692307692 0.07932692307692307 0.10336538461538461
1 0.07932692307692307 0.5276442307692307 0.055288461538461536 0.0889423076923077
0 0.03245192307692308 0.5336538461538461 0.0625 0.09375
1 0.06850961538461539 0.4567307692307692 0.04567307692307692 0.07451923076923077
1 0.1622596153846154 0.5 0.036057692307692304 0.07692307692307693
0 0.1971153846153846 0.49278846153846156 0.055288461538461536 0.07692307692307693
0 0.7319711538461539 0.40384615384615385 0.057692307692307696 0.07932692307692307
0 0.6322115384615384 0.47836538461538464 0.04567307692307692 0.057692307692307696
0 0.5985576923076923 0.46153846153846156 0.036057692307692304 0.06971153846153846
0 0.5697115384615384 0.4543269230769231 0.04326923076923077 0.08173076923076923
1 0.5060096153846154 0.4519230769230769 0.038461538461538464 0.08413461538461539
0 0.47115384615384615 0.4495192307692308 0.05048076923076923 0.09134615384615384
0 0.3581730769230769 0.49278846153846156 0.0625 0.10096153846153846
0 0.42427884615384615 0.4699519230769231 0.04567307692307692 0.08653846153846154
0 0.32572115384615385 0.47596153846153844 0.04567307692307692 0.08653846153846154