1 0.7295673076923077 0.8641826923076923 0.10096153846153846 0.14182692307692307
1 0.9158653846153846 0.7307692307692307 0.10576923076923077 0.13942307692307693
1 0.40024038461538464 0.9302884615384616 0.09134615384615384 0.125
1 0.6033653846153846 0.4362980769230769 0.07451923076923077 0.10576923076923077
1 0.3269230769230769 0.5733173076923077 0.07692307692307693 0.10576923076923077
1 0.21754807692307693 0.1935096153846154 0.06490384615384616 0.09375
1 0.2091346153846154 0.7391826923076923 0.08413461538461539 0.09615384615384616
1 0.3858173076923077 0.5276442307692307 0.055288461538461536 0.09375
1 0.6262019230769231 0.3629807692307692 0.06490384615384616 0.08653846153846154
1 0.71875 0.4254807692307692 0.07451923076923077 0.09375
1 0.4699519230769231 0.546875 0.057692307692307696 0.09375
1 0.2536057692307692 0.9230769230769231 0.09615384615384616 0.125
1 0.11177884615384616 0.8293269230769231 0.09375 0.10336538461538461
1 0.10096153846153846 0.13341346153846154 0.0673076923076923 0.0985576923076923
1 0.09254807692307693 0.036057692307692304 0.06009615384615385 0.07211538461538461
1 0.14423076923076922 0.021634615384615384 0.0625 0.04326923076923077