1 0.7668269230769231 0.30288461538461536 0.08173076923076923 0.12740384615384615
1 0.9543269230769231 0.3245192307692308 0.07211538461538461 0.11298076923076923
1 0.43509615384615385 0.3701923076923077 0.0673076923076923 0.0889423076923077
1 0.8798076923076923 0.3317307692307692 0.04807692307692308 0.07451923076923077
1 0.71875 0.34975961538461536 0.055288461538461536 0.08413461538461539
1 0.6490384615384616 0.36538461538461536 0.036057692307692304 0.0625
0 0.6081730769230769 0.3581730769230769 0.052884615384615384 0.07451923076923077
1 0.4879807692307692 0.33413461538461536 0.04807692307692308 0.08173076923076923
1 0.38341346153846156 0.35336538461538464 0.04567307692307692 0.09134615384615384
1 0.3076923076923077 0.3557692307692308 0.052884615384615384 0.0985576923076923
1 0.25 0.3641826923076923 0.052884615384615384 0.0889423076923077