0 0.2091346153846154 0.41586538461538464 0.057692307692307696 0.08173076923076923
0 0.4050480769230769 0.43509615384615385 0.036057692307692304 0.05048076923076923
0 0.4831730769230769 0.42788461538461536 0.03365384615384615 0.052884615384615384
0 0.5576923076923077 0.43028846153846156 0.038461538461538464 0.057692307692307696
0 0.6670673076923077 0.4230769230769231 0.036057692307692304 0.052884615384615384
0 0.7127403846153846 0.43028846153846156 0.03365384615384615 0.052884615384615384
0 0.7463942307692307 0.43509615384615385 0.036057692307692304 0.04567307692307692
0 0.8137019230769231 0.421875 0.038461538461538464 0.0673076923076923
0 0.8677884615384616 0.3918269230769231 0.036057692307692304 0.04567307692307692
0 0.8725961538461539 0.4266826923076923 0.04807692307692308 0.0625
0 0.9230769230769231 0.390625 0.03365384615384615 0.057692307692307696
0 0.9471153846153846 0.4098557692307692 0.028846153846153848 0.04807692307692308
0 0.9927884615384616 0.4110576923076923 0.014423076923076924 0.07211538461538461