0 0.6502403846153846 0.3449519230769231 0.057692307692307696 0.0985576923076923
0 0.35697115384615385 0.375 0.0625 0.09615384615384616
0 0.2247596153846154 0.38221153846153844 0.0625 0.09134615384615384
0 0.7692307692307693 0.34375 0.0625 0.07932692307692307
0 0.5564903846153846 0.3629807692307692 0.04326923076923077 0.07692307692307693
0 0.4987980769230769 0.3293269230769231 0.0625 0.09615384615384616
0 0.43149038461538464 0.35336538461538464 0.04807692307692308 0.07932692307692307
0 0.2704326923076923 0.3870192307692308 0.036057692307692304 0.06971153846153846
0 0.18509615384615385 0.39903846153846156 0.03365384615384615 0.06971153846153846
0 0.12259615384615384 0.39903846153846156 0.04807692307692308 0.08413461538461539
0 0.0733173076923077 0.4266826923076923 0.0625 0.10336538461538461