1 0.6899038461538461 0.8846153846153846 0.11538461538461539 0.14903846153846154
1 0.8882211538461539 0.7716346153846154 0.11778846153846154 0.1466346153846154
1 0.3605769230769231 0.9158653846153846 0.10336538461538461 0.13221153846153846
1 0.6105769230769231 0.44711538461538464 0.08653846153846154 0.11057692307692307
1 0.3233173076923077 0.5540865384615384 0.0889423076923077 0.11057692307692307
1 0.25600961538461536 0.16706730769230768 0.07451923076923077 0.0985576923076923
1 0.19110576923076922 0.7067307692307693 0.09375 0.10336538461538461
1 0.3858173076923077 0.515625 0.06490384615384616 0.09615384615384616
1 0.640625 0.3762019230769231 0.07451923076923077 0.09375
1 0.7271634615384616 0.45072115384615385 0.08173076923076923 0.0985576923076923
1 0.4675480769230769 0.5444711538461539 0.0673076923076923 0.09615384615384616
1 0.21394230769230768 0.8930288461538461 0.10817307692307693 0.13221153846153846
1 0.08533653846153846 0.7848557692307693 0.10336538461538461 0.11057692307692307
1 0.1466346153846154 0.09735576923076923 0.07692307692307693 0.10336538461538461
1 0.15144230769230768 0.019230769230769232 0.0673076923076923 0.038461538461538464
1 0.19951923076923078 0.007211538461538462 0.0673076923076923 0.014423076923076924