1 0.21153846153846154 0.359375 0.07932692307692307 0.12259615384615384
1 0.03245192307692308 0.40865384615384615 0.06490384615384616 0.11057692307692307
1 0.5456730769230769 0.3737980769230769 0.06490384615384616 0.08653846153846154
1 0.10697115384615384 0.4050480769230769 0.04567307692307692 0.07451923076923077
1 0.2668269230769231 0.39783653846153844 0.055288461538461536 0.08173076923076923
1 0.33774038461538464 0.4026442307692308 0.03365384615384615 0.0625
0 0.375 0.3894230769230769 0.052884615384615384 0.07451923076923077
1 0.4891826923076923 0.34615384615384615 0.04567307692307692 0.08173076923076923
1 0.5925480769230769 0.3485576923076923 0.040865384615384616 0.0889423076923077
1 0.6682692307692307 0.34134615384615385 0.05048076923076923 0.09615384615384616
1 0.7247596153846154 0.3389423076923077 0.05048076923076923 0.08653846153846154