0 0.21875 0.43028846153846156 0.06490384615384616 0.0889423076923077
0 0.4230769230769231 0.46153846153846156 0.040865384615384616 0.055288461538461536
0 0.5060096153846154 0.4579326923076923 0.038461538461538464 0.057692307692307696
0 0.5853365384615384 0.4651442307692308 0.04326923076923077 0.0625
0 0.6995192307692307 0.46274038461538464 0.040865384615384616 0.057692307692307696
0 0.7463942307692307 0.4735576923076923 0.038461538461538464 0.057692307692307696
0 0.7824519230769231 0.4795673076923077 0.040865384615384616 0.05048076923076923
0 0.8557692307692307 0.46875 0.04326923076923077 0.07211538461538461
0 0.9134615384615384 0.4411057692307692 0.040865384615384616 0.05048076923076923
0 0.9158653846153846 0.47836538461538464 0.052884615384615384 0.0673076923076923
0 0.9711538461538461 0.4423076923076923 0.038461538461538464 0.0625
0 0.9891826923076923 0.46274038461538464 0.021634615384615384 0.05048076923076923