1 0.6814903846153846 0.8894230769230769 0.11778846153846154 0.15144230769230768
1 0.8834134615384616 0.7800480769230769 0.1201923076923077 0.14903846153846154
1 0.3473557692307692 0.9146634615384616 0.10336538461538461 0.1346153846153846
1 0.6081730769230769 0.4495192307692308 0.08653846153846154 0.11298076923076923
1 0.3173076923076923 0.5516826923076923 0.0889423076923077 0.11298076923076923
1 0.2548076923076923 0.16105769230769232 0.07692307692307693 0.10096153846153846
1 0.18028846153846154 0.7007211538461539 0.09375 0.10576923076923077
1 0.38100961538461536 0.5132211538461539 0.0673076923076923 0.0985576923076923
1 0.640625 0.3786057692307692 0.07451923076923077 0.09375
1 0.7247596153846154 0.453125 0.08413461538461539 0.10096153846153846
1 0.46153846153846156 0.5420673076923077 0.0673076923076923 0.0985576923076923
1 0.20072115384615385 0.8894230769230769 0.11057692307692307 0.1346153846153846
1 0.07211538461538461 0.7788461538461539 0.10576923076923077 0.11298076923076923
1 0.1466346153846154 0.08774038461538461 0.07932692307692307 0.10576923076923077
1 0.15264423076923078 0.014423076923076924 0.06971153846153846 0.028846153846153848