1 0.03365384615384615 0.43028846153846156 0.0673076923076923 0.25
1 0.09495192307692307 0.4543269230769231 0.08413461538461539 0.23076923076923078
1 0.20432692307692307 0.4375 0.12740384615384615 0.2764423076923077
1 0.35697115384615385 0.4326923076923077 0.10817307692307693 0.2620192307692308
1 0.31971153846153844 0.328125 0.09375 0.24519230769230768
1 0.5384615384615384 0.38221153846153844 0.09615384615384616 0.23317307692307693
1 0.5060096153846154 0.3173076923076923 0.07932692307692307 0.1658653846153846
1 0.6826923076923077 0.4423076923076923 0.10336538461538461 0.24759615384615385
1 0.8100961538461539 0.30528846153846156 0.13221153846153846 0.29086538461538464
1 0.6682692307692307 0.2764423076923077 0.10336538461538461 0.17307692307692307
1 0.9387019230769231 0.4110576923076923 0.09134615384615384 0.1658653846153846
1 0.9915865384615384 0.3004807692307692 0.016826923076923076 0.3125
0 0.49038461538461536 0.4795673076923077 0.10336538461538461 0.2091346153846154