1 0.15504807692307693 0.35336538461538464 0.08173076923076923 0.10576923076923077
1 0.9074519230769231 0.49759615384615385 0.057692307692307696 0.0889423076923077
0 0.953125 0.5048076923076923 0.0625 0.09615384615384616
1 0.9182692307692307 0.42908653846153844 0.04567307692307692 0.07692307692307693
1 0.8257211538461539 0.4699519230769231 0.038461538461538464 0.07932692307692307
0 0.7920673076923077 0.46153846153846156 0.055288461538461536 0.07692307692307693
0 0.25961538461538464 0.3641826923076923 0.06009615384615385 0.08173076923076923
0 0.3581730769230769 0.43990384615384615 0.04567307692307692 0.06009615384615385
0 0.390625 0.4230769230769231 0.036057692307692304 0.06971153846153846
0 0.4206730769230769 0.4182692307692308 0.04567307692307692 0.08173076923076923
1 0.4831730769230769 0.4170673076923077 0.040865384615384616 0.08413461538461539
0 0.5168269230769231 0.41466346153846156 0.052884615384615384 0.09134615384615384
0 0.6298076923076923 0.46033653846153844 0.06490384615384616 0.10096153846153846
0 0.5661057692307693 0.43509615384615385 0.04807692307692308 0.08653846153846154
0 0.6634615384615384 0.44350961538461536 0.04807692307692308 0.08653846153846154