1 0.5985576923076923 0.19110576923076922 0.37259615384615385 0.375
1 0.8413461538461539 0.08533653846153846 0.22596153846153846 0.17067307692307693
1 0.3641826923076923 0.16466346153846154 0.25961538461538464 0.24759615384615385
1 0.22716346153846154 0.29927884615384615 0.12980769230769232 0.13701923076923078
1 0.019230769230769232 0.16466346153846154 0.038461538461538464 0.20432692307692307
0 0.19591346153846154 0.054086538461538464 0.09134615384615384 0.04326923076923077
0 0.3581730769230769 0.037259615384615384 0.09375 0.052884615384615384
0 0.2800480769230769 0.036057692307692304 0.0673076923076923 0.028846153846153848
0 0.41225961538461536 0.020432692307692308 0.057692307692307696 0.03365384615384615
0 0.04807692307692308 0.09495192307692307 0.07211538461538461 0.06490384615384616
0 0.5396634615384616 0.013221153846153846 0.06009615384615385 0.026442307692307692