1 0.41947115384615385 0.21033653846153846 0.34134615384615385 0.34375
1 0.16826923076923078 0.09735576923076923 0.25961538461538464 0.19471153846153846
1 0.6358173076923077 0.1814903846153846 0.23798076923076922 0.22596153846153846
1 0.7632211538461539 0.30528846153846156 0.11778846153846154 0.125
1 0.96875 0.16346153846153846 0.0625 0.22115384615384615
0 0.7908653846153846 0.0625 0.0889423076923077 0.06971153846153846
0 0.640625 0.04807692307692308 0.09134615384615384 0.07692307692307693
0 0.7127403846153846 0.046875 0.06490384615384616 0.055288461538461536
0 0.5925480769230769 0.03485576923076923 0.057692307692307696 0.06009615384615385
0 0.9266826923076923 0.11177884615384616 0.06490384615384616 0.06009615384615385
0 0.47115384615384615 0.030048076923076924 0.057692307692307696 0.052884615384615384