1 0.40384615384615385 0.234375 0.34375 0.34615384615384615
1 0.15144230769230768 0.11057692307692307 0.24519230769230768 0.22115384615384615
1 0.625 0.20072115384615385 0.23798076923076922 0.2283653846153846
1 0.7572115384615384 0.32572115384615385 0.1201923076923077 0.125
1 0.9675480769230769 0.16826923076923078 0.06490384615384616 0.2403846153846154
0 0.7824519230769231 0.0673076923076923 0.09375 0.0889423076923077
0 0.6274038461538461 0.055288461538461536 0.09375 0.0985576923076923
0 0.7007211538461539 0.051682692307692304 0.0673076923076923 0.07211538461538461
0 0.5757211538461539 0.052884615384615384 0.057692307692307696 0.0625
0 0.9206730769230769 0.125 0.0673076923076923 0.06009615384615385
0 0.453125 0.05048076923076923 0.057692307692307696 0.055288461538461536