1 0.5600961538461539 0.6947115384615384 0.057692307692307696 0.08413461538461539
1 0.9639423076923077 0.7475961538461539 0.057692307692307696 0.08653846153846154
1 0.11057692307692307 0.6394230769230769 0.04807692307692308 0.07932692307692307
1 0.34975961538461536 0.484375 0.04326923076923077 0.0625
1 0.22956730769230768 0.45072115384615385 0.036057692307692304 0.052884615384615384
1 0.04927884615384615 0.4795673076923077 0.03365384615384615 0.052884615384615384
1 0.36177884615384615 0.5757211538461539 0.03125 0.040865384615384616
1 0.5252403846153846 0.4026442307692308 0.028846153846153848 0.04807692307692308
1 0.49158653846153844 0.38822115384615385 0.03365384615384615 0.04807692307692308
1 0.7728365384615384 0.390625 0.04567307692307692 0.057692307692307696
1 0.08774038461538461 0.36658653846153844 0.03365384615384615 0.038461538461538464
1 0.12139423076923077 0.3425480769230769 0.03365384615384615 0.04567307692307692
1 0.17908653846153846 0.31971153846153844 0.021634615384615384 0.038461538461538464
0 0.13221153846153846 0.6742788461538461 0.038461538461538464 0.0625
1 0.25240384615384615 0.3954326923076923 0.026442307692307692 0.040865384615384616