1 0.890625 0.3762019230769231 0.07211538461538461 0.13942307692307693
1 0.6370192307692307 0.3245192307692308 0.06490384615384616 0.11778846153846154
1 0.33533653846153844 0.2800480769230769 0.055288461538461536 0.11298076923076923
1 0.5552884615384616 0.27163461538461536 0.0625 0.11778846153846154
1 0.9759615384615384 0.2848557692307692 0.04807692307692308 0.17548076923076922
1 0.78125 0.33774038461538464 0.057692307692307696 0.10817307692307693
1 0.8353365384615384 0.3557692307692308 0.04807692307692308 0.0889423076923077
1 0.10096153846153846 0.31850961538461536 0.052884615384615384 0.10576923076923077
1 0.025240384615384616 0.2283653846153846 0.026442307692307692 0.07692307692307693
1 0.5192307692307693 0.30288461538461536 0.040865384615384616 0.08413461538461539
1 0.9639423076923077 0.36778846153846156 0.05048076923076923 0.10576923076923077
1 0.10096153846153846 0.26802884615384615 0.040865384615384616 0.08173076923076923