0 0.2283653846153846 0.5108173076923077 0.07211538461538461 0.13221153846153846
0 0.7896634615384616 0.5673076923076923 0.08413461538461539 0.14903846153846154
0 0.12860576923076922 0.5204326923076923 0.11778846153846154 0.18509615384615385
0 0.9074519230769231 0.6334134615384616 0.14423076923076922 0.23557692307692307
0 0.7391826923076923 0.5492788461538461 0.0673076923076923 0.12259615384615384
0 0.28725961538461536 0.5408653846153846 0.055288461538461536 0.11057692307692307
0 0.3233173076923077 0.5096153846153846 0.04326923076923077 0.07211538461538461
0 0.35697115384615385 0.5084134615384616 0.036057692307692304 0.06971153846153846
0 0.48677884615384615 0.5144230769230769 0.040865384615384616 0.0625
0 0.5889423076923077 0.5264423076923077 0.04326923076923077 0.07211538461538461
0 0.6502403846153846 0.5348557692307693 0.05048076923076923 0.0889423076923077