1 0.20673076923076922 0.2980769230769231 0.09134615384615384 0.14903846153846154
1 0.03365384615384615 0.24519230769230768 0.0673076923076923 0.12980769230769232
0 0.2920673076923077 0.3076923076923077 0.04326923076923077 0.08173076923076923
0 0.3473557692307692 0.3293269230769231 0.057692307692307696 0.11778846153846154
1 0.421875 0.28365384615384615 0.057692307692307696 0.11538461538461539
1 0.5384615384615384 0.2692307692307692 0.07211538461538461 0.14423076923076922
0 0.5961538461538461 0.2920673076923077 0.057692307692307696 0.11057692307692307
0 0.6682692307692307 0.2980769230769231 0.0673076923076923 0.125
0 0.7463942307692307 0.3173076923076923 0.055288461538461536 0.11057692307692307
0 0.7860576923076923 0.31009615384615385 0.03365384615384615 0.07451923076923077
0 0.9290865384615384 0.3125 0.07692307692307693 0.14423076923076922
0 0.9807692307692307 0.32572115384615385 0.038461538461538464 0.12980769230769232