1 0.33413461538461536 0.4639423076923077 0.04807692307692308 0.07451923076923077
0 0.5649038461538461 0.48197115384615385 0.04807692307692308 0.06971153846153846
0 0.9399038461538461 0.49759615384615385 0.05048076923076923 0.08413461538461539
0 0.45072115384615385 0.484375 0.036057692307692304 0.0673076923076923
0 0.21634615384615385 0.4951923076923077 0.05048076923076923 0.06971153846153846
0 0.039663461538461536 0.5252403846153846 0.06490384615384616 0.10576923076923077
0 0.08774038461538461 0.4879807692307692 0.038461538461538464 0.08653846153846154
0 0.38341346153846156 0.4891826923076923 0.036057692307692304 0.0673076923076923
0 0.2668269230769231 0.47836538461538464 0.04567307692307692 0.07451923076923077
0 0.13341346153846154 0.4699519230769231 0.036057692307692304 0.07932692307692307
0 0.16947115384615385 0.4879807692307692 0.038461538461538464 0.06971153846153846