1 0.6141826923076923 0.31850961538461536 0.0625 0.11538461538461539
1 0.9771634615384616 0.5168269230769231 0.04567307692307692 0.11057692307692307
1 0.8329326923076923 0.5913461538461539 0.07211538461538461 0.10817307692307693
1 0.6935096153846154 0.12740384615384615 0.04567307692307692 0.07451923076923077
1 0.7271634615384616 0.09134615384615384 0.05048076923076923 0.09615384615384616
1 0.359375 0.49158653846153844 0.06009615384615385 0.11538461538461539
1 0.15384615384615385 0.4723557692307692 0.07211538461538461 0.10336538461538461
1 0.4254807692307692 0.3125 0.0625 0.10576923076923077
1 0.359375 0.31850961538461536 0.07211538461538461 0.11538461538461539
1 0.16466346153846154 0.28966346153846156 0.0673076923076923 0.10576923076923077
1 0.1201923076923077 0.27524038461538464 0.04567307692307692 0.0889423076923077