1 0.10817307692307693 0.265625 0.07692307692307693 0.1466346153846154
1 0.38221153846153844 0.234375 0.06971153846153846 0.125
1 0.7043269230769231 0.21514423076923078 0.057692307692307696 0.1201923076923077
1 0.4723557692307692 0.18629807692307693 0.06490384615384616 0.125
1 0.028846153846153848 0.16105769230769232 0.040865384615384616 0.18509615384615385
1 0.22596153846153846 0.234375 0.06009615384615385 0.11298076923076923
1 0.16826923076923078 0.24879807692307693 0.04807692307692308 0.09375
1 0.9519230769230769 0.27884615384615385 0.055288461538461536 0.11298076923076923
1 0.5084134615384616 0.22235576923076922 0.04326923076923077 0.09134615384615384
1 0.03125 0.25 0.05048076923076923 0.11298076923076923
1 0.9567307692307693 0.2247596153846154 0.04326923076923077 0.08653846153846154