1 0.1622596153846154 0.30649038461538464 0.10576923076923077 0.16346153846153846
1 0.009615384615384616 0.2644230769230769 0.019230769230769232 0.13942307692307693
0 0.2512019230769231 0.3076923076923077 0.05048076923076923 0.08653846153846154
0 0.3112980769230769 0.32572115384615385 0.07211538461538461 0.12740384615384615
1 0.38341346153846156 0.27283653846153844 0.06971153846153846 0.12259615384615384
1 0.5024038461538461 0.24519230769230768 0.08653846153846154 0.15625
0 0.5649038461538461 0.2644230769230769 0.06971153846153846 0.1201923076923077
0 0.6394230769230769 0.2644230769230769 0.07932692307692307 0.1346153846153846
0 0.7235576923076923 0.2764423076923077 0.0673076923076923 0.1201923076923077
0 0.7632211538461539 0.2668269230769231 0.04326923076923077 0.07932692307692307
0 0.9110576923076923 0.2548076923076923 0.09134615384615384 0.15865384615384615
0 0.9627403846153846 0.265625 0.04807692307692308 0.13942307692307693