1 0.078125 0.3125 0.07451923076923077 0.14182692307692307
1 0.34375 0.28125 0.0673076923076923 0.1201923076923077
1 0.6574519230769231 0.2620192307692308 0.055288461538461536 0.11538461538461539
1 0.4326923076923077 0.23557692307692307 0.0625 0.1201923076923077
1 0.1935096153846154 0.2824519230769231 0.057692307692307696 0.10817307692307693
1 0.13822115384615385 0.2956730769230769 0.04807692307692308 0.09134615384615384
1 0.8942307692307693 0.3245192307692308 0.055288461538461536 0.10817307692307693
1 0.9915865384615384 0.27163461538461536 0.016826923076923076 0.15384615384615385
1 0.984375 0.23677884615384615 0.03125 0.07932692307692307
1 0.4675480769230769 0.2704326923076923 0.040865384615384616 0.08653846153846154
1 0.016826923076923076 0.2956730769230769 0.02403846153846154 0.10576923076923077
1 0.9014423076923077 0.27283653846153844 0.040865384615384616 0.08413461538461539