1 0.3389423076923077 0.4807692307692308 0.052884615384615384 0.07692307692307693
0 0.5709134615384616 0.47475961538461536 0.052884615384615384 0.07451923076923077
0 0.9459134615384616 0.4519230769230769 0.055288461538461536 0.08653846153846154
0 0.4579326923076923 0.4891826923076923 0.040865384615384616 0.06971153846153846
0 0.22596153846153846 0.5240384615384616 0.052884615384615384 0.07451923076923077
0 0.052884615384615384 0.5733173076923077 0.07211538461538461 0.11057692307692307
0 0.09735576923076923 0.5300480769230769 0.04326923076923077 0.0889423076923077
0 0.3918269230769231 0.5012019230769231 0.040865384615384616 0.06971153846153846
0 0.27403846153846156 0.5012019230769231 0.05048076923076923 0.07692307692307693
0 0.140625 0.5072115384615384 0.040865384615384616 0.08173076923076923
0 0.17908653846153846 0.5216346153846154 0.040865384615384616 0.07211538461538461