0 0.15985576923076922 0.5024038461538461 0.07211538461538461 0.13942307692307693
0 0.75 0.5516826923076923 0.08413461538461539 0.15625
0 0.057692307692307696 0.5144230769230769 0.11538461538461539 0.19230769230769232
0 0.875 0.6177884615384616 0.14903846153846154 0.24519230769230768
0 0.6971153846153846 0.5336538461538461 0.0673076923076923 0.12740384615384615
0 0.22235576923076922 0.5324519230769231 0.055288461538461536 0.11298076923076923
0 0.25961538461538464 0.5 0.04326923076923077 0.07451923076923077
0 0.29447115384615385 0.4963942307692308 0.036057692307692304 0.07451923076923077
0 0.43149038461538464 0.5 0.040865384615384616 0.06490384615384616
0 0.5384615384615384 0.5108173076923077 0.04326923076923077 0.07451923076923077
0 0.6045673076923077 0.5204326923076923 0.05048076923076923 0.09134615384615384