1 0.5336538461538461 0.6875 0.06490384615384616 0.08653846153846154
1 0.9182692307692307 0.7860576923076923 0.06971153846153846 0.0889423076923077
1 0.10697115384615384 0.5817307692307693 0.055288461538461536 0.08173076923076923
1 0.35697115384615385 0.46033653846153844 0.05048076923076923 0.0625
1 0.24519230769230768 0.41466346153846156 0.040865384615384616 0.055288461538461536
1 0.06850961538461539 0.4206730769230769 0.038461538461538464 0.055288461538461536
1 0.35697115384615385 0.5504807692307693 0.03365384615384615 0.04326923076923077
1 0.5348557692307693 0.4026442307692308 0.03365384615384615 0.04807692307692308
1 0.5048076923076923 0.38461538461538464 0.036057692307692304 0.05048076923076923
1 0.7740384615384616 0.4206730769230769 0.05048076923076923 0.06009615384615385
1 0.11778846153846154 0.3161057692307692 0.036057692307692304 0.040865384615384616
1 0.15384615384615385 0.296875 0.036057692307692304 0.04807692307692308
1 0.2127403846153846 0.28125 0.026442307692307692 0.038461538461538464
0 0.125 0.6177884615384616 0.04567307692307692 0.0625
1 0.27283653846153844 0.3641826923076923 0.028846153846153848 0.04326923076923077