1 0.12139423076923077 0.2536057692307692 0.09375 0.15625
1 0.027644230769230768 0.5841346153846154 0.052884615384615384 0.1346153846153846
1 0.46153846153846156 0.21995192307692307 0.06490384615384616 0.10817307692307693
1 0.5612980769230769 0.38221153846153844 0.07451923076923077 0.10576923076923077
1 0.18870192307692307 0.3125 0.10336538461538461 0.16346153846153846
1 0.007211538461538462 0.46274038461538464 0.014423076923076924 0.13221153846153846
1 0.7584134615384616 0.421875 0.052884615384615384 0.06971153846153846
1 0.8064903846153846 0.39302884615384615 0.04807692307692308 0.08413461538461539
1 0.49158653846153844 0.36778846153846156 0.04326923076923077 0.09134615384615384
1 0.17427884615384615 0.41586538461538464 0.06490384615384616 0.1201923076923077
1 0.6947115384615384 0.234375 0.040865384615384616 0.0673076923076923
1 0.75 0.2403846153846154 0.04567307692307692 0.06009615384615385
1 0.8569711538461539 0.3918269230769231 0.04807692307692308 0.07211538461538461
1 0.359375 0.38461538461538464 0.06009615384615385 0.10336538461538461
1 0.7307692307692307 0.3737980769230769 0.04326923076923077 0.0673076923076923
1 0.6598557692307693 0.3473557692307692 0.038461538461538464 0.06490384615384616