1 0.8557692307692307 0.2668269230769231 0.0985576923076923 0.15144230769230768
1 0.9459134615384616 0.5877403846153846 0.10817307692307693 0.13701923076923078
1 0.5360576923076923 0.2127403846153846 0.0673076923076923 0.10576923076923077
1 0.42908653846153844 0.359375 0.07692307692307693 0.10336538461538461
1 0.7884615384615384 0.31850961538461536 0.10817307692307693 0.16105769230769232
1 0.96875 0.4735576923076923 0.0625 0.12980769230769232
1 0.23918269230769232 0.38341346153846156 0.052884615384615384 0.06971153846153846
1 0.1935096153846154 0.3545673076923077 0.052884615384615384 0.08173076923076923
1 0.4963942307692308 0.34975961538461536 0.04807692307692308 0.0889423076923077
1 0.7956730769230769 0.4182692307692308 0.06971153846153846 0.11538461538461539
1 0.31009615384615385 0.2091346153846154 0.04326923076923077 0.0673076923076923
1 0.25841346153846156 0.2127403846153846 0.04567307692307692 0.06009615384615385
1 0.14543269230769232 0.3473557692307692 0.05048076923076923 0.07211538461538461
1 0.6201923076923077 0.375 0.0625 0.10096153846153846
1 0.2692307692307692 0.3389423076923077 0.04567307692307692 0.0673076923076923
1 0.33653846153846156 0.31850961538461536 0.038461538461538464 0.0625