1 0.8870192307692307 0.22115384615384615 0.08653846153846154 0.15865384615384615
1 0.53125 0.21033653846153846 0.06009615384615385 0.10817307692307693
1 0.4387019230769231 0.3870192307692308 0.06971153846153846 0.10576923076923077
1 0.8209134615384616 0.28846153846153844 0.09615384615384616 0.1658653846153846
1 0.23677884615384615 0.4411057692307692 0.05048076923076923 0.06971153846153846
1 0.18389423076923078 0.41586538461538464 0.04567307692307692 0.08413461538461539
1 0.5096153846153846 0.36658653846153844 0.038461538461538464 0.09375
1 0.8449519230769231 0.3942307692307692 0.06009615384615385 0.1201923076923077
1 0.28846153846153844 0.24278846153846154 0.038461538461538464 0.06971153846153846
1 0.23317307692307693 0.2536057692307692 0.04326923076923077 0.06009615384615385
1 0.12980769230769232 0.4182692307692308 0.04567307692307692 0.07211538461538461
1 0.6490384615384616 0.375 0.055288461538461536 0.10576923076923077
1 0.2620192307692308 0.390625 0.040865384615384616 0.06971153846153846
1 0.3329326923076923 0.3581730769230769 0.03365384615384615 0.06490384615384616