1 0.23076923076923078 0.296875 0.0985576923076923 0.15865384615384615
1 0.05048076923076923 0.23557692307692307 0.07692307692307693 0.13942307692307693
0 0.3173076923076923 0.31009615384615385 0.04807692307692308 0.08653846153846154
0 0.375 0.33413461538461536 0.06490384615384616 0.125
1 0.4543269230769231 0.29086538461538464 0.06490384615384616 0.1201923076923077
1 0.5745192307692307 0.2776442307692308 0.07932692307692307 0.15384615384615385
0 0.6346153846153846 0.30528846153846156 0.06490384615384616 0.11778846153846154
0 0.7091346153846154 0.3137019230769231 0.07211538461538461 0.12980769230769232
0 0.7896634615384616 0.33533653846153844 0.0625 0.11778846153846154
0 0.8305288461538461 0.3317307692307692 0.038461538461538464 0.07932692307692307
0 0.9675480769230769 0.33653846153846156 0.06490384615384616 0.15384615384615385