0 0.8449519230769231 0.41346153846153844 0.09134615384615384 0.1466346153846154
0 0.265625 0.5444711538461539 0.10576923076923077 0.1658653846153846
0 0.9375 0.41225961538461536 0.125 0.20432692307692307
0 0.15144230769230768 0.6286057692307693 0.18028846153846154 0.2620192307692308
0 0.3173076923076923 0.5192307692307693 0.08413461538461539 0.1346153846153846
0 0.7860576923076923 0.45072115384615385 0.06971153846153846 0.1201923076923077
0 0.7451923076923077 0.4230769230769231 0.052884615384615384 0.07932692307692307
0 0.7103365384615384 0.4266826923076923 0.04567307692307692 0.07692307692307693
0 0.5745192307692307 0.4495192307692308 0.04807692307692308 0.06971153846153846
0 0.4699519230769231 0.47475961538461536 0.052884615384615384 0.07932692307692307
0 0.4074519230769231 0.49278846153846156 0.0625 0.09615384615384616