1 0.30288461538461536 0.671875 0.10336538461538461 0.16346153846153846
1 0.40625 0.6021634615384616 0.0889423076923077 0.15144230769230768
1 0.5348557692307693 0.5072115384615384 0.07211538461538461 0.13221153846153846
1 0.7211538461538461 0.19230769230769232 0.05048076923076923 0.08173076923076923
1 0.5673076923076923 0.2692307692307692 0.057692307692307696 0.10576923076923077
1 0.4831730769230769 0.3004807692307692 0.06009615384615385 0.09134615384615384
1 0.40024038461538464 0.30649038461538464 0.057692307692307696 0.08653846153846154
1 0.11778846153846154 0.49759615384615385 0.0673076923076923 0.11538461538461539
1 0.18990384615384615 0.4519230769230769 0.0625 0.09615384615384616
1 0.22355769230769232 0.41225961538461536 0.057692307692307696 0.0985576923076923
1 0.4807692307692308 0.2283653846153846 0.057692307692307696 0.09615384615384616
1 0.6298076923076923 0.22355769230769232 0.04807692307692308 0.07211538461538461
1 0.3473557692307692 0.32572115384615385 0.057692307692307696 0.09615384615384616
1 0.3137019230769231 0.33413461538461536 0.05048076923076923 0.08653846153846154
1 0.375 0.2608173076923077 0.052884615384615384 0.07451923076923077
1 0.3557692307692308 0.21634615384615385 0.04807692307692308 0.07451923076923077
1 0.27283653846153844 0.36177884615384615 0.055288461538461536 0.08413461538461539
1 0.18389423076923078 0.35096153846153844 0.0625 0.09375
1 0.2403846153846154 0.25961538461538464 0.04567307692307692 0.0673076923076923
1 0.78125 0.20072115384615385 0.06971153846153846 0.10096153846153846
1 0.8173076923076923 0.1875 0.052884615384615384 0.08413461538461539
1 0.84375 0.15745192307692307 0.04807692307692308 0.07211538461538461
1 0.8665865384615384 0.13942307692307693 0.04567307692307692 0.06971153846153846
1 0.8858173076923077 0.12980769230769232 0.038461538461538464 0.0673076923076923
1 0.921875 0.13221153846153846 0.04807692307692308 0.07451923076923077
1 0.7608173076923077 0.0985576923076923 0.04567307692307692 0.0625
1 0.5829326923076923 0.16947115384615385 0.036057692307692304 0.05048076923076923
1 0.010817307692307692 0.41346153846153844 0.021634615384615384 0.10096153846153846
1 0.0673076923076923 0.21394230769230768 0.040865384615384616 0.08173076923076923
1 0.6887019230769231 0.07572115384615384 0.038461538461538464 0.06009615384615385
1 0.030048076923076924 0.1971153846153846 0.04326923076923077 0.08413461538461539
1 0.7512019230769231 0.04447115384615385 0.03365384615384615 0.052884615384615384
1 0.20552884615384615 0.20793269230769232 0.03365384615384615 0.052884615384615384