1 0.1201923076923077 0.2956730769230769 0.06490384615384616 0.11298076923076923
1 0.21875 0.2860576923076923 0.0673076923076923 0.11298076923076923
1 0.3449519230769231 0.21754807692307693 0.055288461538461536 0.09615384615384616
1 0.42427884615384615 0.27283653846153844 0.0625 0.11778846153846154
1 0.2620192307692308 0.45913461538461536 0.06971153846153846 0.10817307692307693
1 0.1971153846153846 0.5384615384615384 0.07451923076923077 0.12259615384615384
1 0.33653846153846156 0.5120192307692307 0.06490384615384616 0.11057692307692307
1 0.42788461538461536 0.4254807692307692 0.0625 0.11057692307692307
1 0.5625 0.2644230769230769 0.0625 0.10576923076923077
1 0.5204326923076923 0.21754807692307693 0.0625 0.10576923076923077
1 0.8653846153846154 0.2932692307692308 0.07451923076923077 0.125
1 0.75 0.25961538461538464 0.07211538461538461 0.11298076923076923
1 0.6875 0.29086538461538464 0.07211538461538461 0.11778846153846154
1 0.6225961538461539 0.296875 0.07451923076923077 0.11057692307692307