1 0.9290865384615384 0.3798076923076923 0.07211538461538461 0.1201923076923077
1 0.8305288461538461 0.35216346153846156 0.07211538461538461 0.1201923076923077
1 0.7139423076923077 0.25961538461538464 0.06009615384615385 0.10096153846153846
1 0.6225961538461539 0.3016826923076923 0.06971153846153846 0.125
1 0.7548076923076923 0.5204326923076923 0.07692307692307693 0.11538461538461539
1 0.8076923076923077 0.6129807692307693 0.08173076923076923 0.12980769230769232
1 0.6682692307692307 0.5625 0.07211538461538461 0.11538461538461539
1 0.5913461538461539 0.4567307692307692 0.06971153846153846 0.11538461538461539
1 0.48197115384615385 0.26802884615384615 0.0673076923076923 0.11057692307692307
1 0.5336538461538461 0.22716346153846154 0.06971153846153846 0.11298076923076923
1 0.16826923076923078 0.24278846153846154 0.08173076923076923 0.13221153846153846
1 0.2920673076923077 0.22956730769230768 0.07692307692307693 0.1201923076923077
1 0.34975961538461536 0.27283653846153844 0.07932692307692307 0.125
1 0.41586538461538464 0.28966346153846156 0.08173076923076923 0.11778846153846154