1 0.25240384615384615 0.5697115384615384 0.09134615384615384 0.15384615384615385
1 0.3629807692307692 0.5288461538461539 0.07932692307692307 0.14423076923076922
1 0.5048076923076923 0.4699519230769231 0.06490384615384616 0.125
1 0.7475961538461539 0.22235576923076922 0.04567307692307692 0.07692307692307693
1 0.5877403846153846 0.25841346153846156 0.052884615384615384 0.10096153846153846
1 0.5036057692307693 0.26802884615384615 0.052884615384615384 0.08653846153846154
1 0.4254807692307692 0.2536057692307692 0.052884615384615384 0.08173076923076923
1 0.12139423076923077 0.36538461538461536 0.06009615384615385 0.10817307692307693
1 0.19831730769230768 0.3389423076923077 0.057692307692307696 0.0889423076923077
1 0.23798076923076922 0.3112980769230769 0.05048076923076923 0.09375
1 0.5180288461538461 0.19951923076923078 0.052884615384615384 0.0889423076923077
1 0.65625 0.22956730769230768 0.04326923076923077 0.0673076923076923
1 0.3713942307692308 0.25961538461538464 0.05048076923076923 0.0889423076923077
1 0.3401442307692308 0.25961538461538464 0.04567307692307692 0.08173076923076923
1 0.41346153846153844 0.20552884615384615 0.04807692307692308 0.07211538461538461
1 0.4050480769230769 0.15985576923076922 0.04326923076923077 0.06971153846153846
1 0.2956730769230769 0.27524038461538464 0.052884615384615384 0.07932692307692307
1 0.21634615384615385 0.24519230769230768 0.055288461538461536 0.08653846153846154
1 0.28846153846153844 0.17427884615384615 0.04326923076923077 0.0625
1 0.8004807692307693 0.24278846153846154 0.0625 0.09615384615384616
1 0.8377403846153846 0.23918269230769232 0.04807692307692308 0.07932692307692307
1 0.8677884615384616 0.21875 0.04326923076923077 0.0673076923076923
1 0.8930288461538461 0.20552884615384615 0.04326923076923077 0.0673076923076923
1 0.9146634615384616 0.20192307692307693 0.036057692307692304 0.0625
1 0.9471153846153846 0.21394230769230768 0.04326923076923077 0.06971153846153846
1 0.8052884615384616 0.14423076923076922 0.040865384615384616 0.06009615384615385
1 0.6262019230769231 0.16826923076923078 0.03125 0.04807692307692308
1 0.03485576923076923 0.2608173076923077 0.03365384615384615 0.09615384615384616
1 0.14182692307692307 0.09134615384615384 0.036057692307692304 0.07692307692307693
1 0.7451923076923077 0.10576923076923077 0.03365384615384615 0.055288461538461536
1 0.9927884615384616 0.13822115384615385 0.014423076923076924 0.06009615384615385
1 0.11057692307692307 0.0673076923076923 0.036057692307692304 0.08173076923076923
1 0.037259615384615384 0.171875 0.019230769230769232 0.06490384615384616
1 0.8100961538461539 0.09134615384615384 0.03125 0.05048076923076923
1 0.26802884615384615 0.11778846153846154 0.03125 0.05048076923076923