1 0.07932692307692307 0.7536057692307693 0.1346153846153846 0.22115384615384615
1 0.4519230769230769 0.6610576923076923 0.12259615384615384 0.1875
1 0.16105769230769232 0.25721153846153844 0.05048076923076923 0.07211538461538461
1 0.4254807692307692 0.46875 0.0625 0.07692307692307693
1 0.5276442307692307 0.28125 0.057692307692307696 0.08413461538461539
1 0.4411057692307692 0.28125 0.04807692307692308 0.06009615384615385
1 0.10576923076923077 0.21153846153846154 0.04807692307692308 0.057692307692307696
1 0.13701923076923078 0.17307692307692307 0.036057692307692304 0.06009615384615385
1 0.5649038461538461 0.26802884615384615 0.038461538461538464 0.06009615384615385
1 0.11057692307692307 0.042067307692307696 0.036057692307692304 0.021634615384615384
1 0.515625 0.17067307692307693 0.036057692307692304 0.04567307692307692
1 0.625 0.28846153846153844 0.05048076923076923 0.07451923076923077
1 0.7956730769230769 0.27524038461538464 0.07211538461538461 0.0985576923076923