1 0.9266826923076923 0.7463942307692307 0.1346153846153846 0.2091346153846154
1 0.5552884615384616 0.6742788461538461 0.11057692307692307 0.17548076923076922
1 0.8161057692307693 0.265625 0.04567307692307692 0.0673076923076923
1 0.5697115384615384 0.4855769230769231 0.057692307692307696 0.07451923076923077
1 0.46153846153846156 0.3088942307692308 0.052884615384615384 0.07932692307692307
1 0.5456730769230769 0.30408653846153844 0.04567307692307692 0.057692307692307696
1 0.8677884615384616 0.21875 0.04567307692307692 0.055288461538461536
1 0.8353365384615384 0.18389423076923078 0.03125 0.055288461538461536
1 0.4230769230769231 0.296875 0.036057692307692304 0.055288461538461536
1 0.8533653846153846 0.04326923076923077 0.03365384615384615 0.04326923076923077
1 0.4675480769230769 0.19951923076923078 0.03125 0.04326923076923077
1 0.36658653846153844 0.32091346153846156 0.04567307692307692 0.06971153846153846
1 0.20072115384615385 0.3161057692307692 0.06490384615384616 0.09375