1 0.8725961538461539 0.34975961538461536 0.07451923076923077 0.13221153846153846
1 0.17307692307692307 0.42908653846153844 0.07211538461538461 0.11057692307692307
0 0.515625 0.44711538461538464 0.06009615384615385 0.09375
0 0.34975961538461536 0.45072115384615385 0.055288461538461536 0.10336538461538461
0 0.6177884615384616 0.4543269230769231 0.038461538461538464 0.07211538461538461
0 0.6430288461538461 0.44711538461538464 0.038461538461538464 0.07932692307692307
0 0.6995192307692307 0.46634615384615385 0.055288461538461536 0.08653846153846154
0 0.3942307692307692 0.47115384615384615 0.052884615384615384 0.07932692307692307
0 0.30528846153846156 0.46634615384615385 0.038461538461538464 0.0625
0 0.44591346153846156 0.49038461538461536 0.040865384615384616 0.0625
0 0.09495192307692307 0.4543269230769231 0.0625 0.10576923076923077
1 0.052884615384615384 0.4651442307692308 0.04567307692307692 0.07932692307692307