1 0.17668269230769232 0.3293269230769231 0.06490384615384616 0.125
1 0.8545673076923077 0.45552884615384615 0.0625 0.10576923076923077
0 0.5192307692307693 0.4483173076923077 0.052884615384615384 0.0889423076923077
0 0.6814903846153846 0.4651442307692308 0.04807692307692308 0.0985576923076923
0 0.41947115384615385 0.4483173076923077 0.03365384615384615 0.06971153846153846
0 0.3942307692307692 0.43990384615384615 0.03365384615384615 0.07451923076923077
0 0.33774038461538464 0.45552884615384615 0.04807692307692308 0.08413461538461539
0 0.6358173076923077 0.4807692307692308 0.04567307692307692 0.07692307692307693
0 0.7235576923076923 0.4831730769230769 0.03365384615384615 0.06009615384615385
0 0.5841346153846154 0.49759615384615385 0.036057692307692304 0.06009615384615385
0 0.9290865384615384 0.4855769230769231 0.055288461538461536 0.0985576923076923
1 0.96875 0.49759615384615385 0.038461538461538464 0.07692307692307693