1 0.15384615384615385 0.3581730769230769 0.07211538461538461 0.12740384615384615
1 0.8293269230769231 0.4362980769230769 0.06971153846153846 0.10817307692307693
0 0.4987980769230769 0.453125 0.057692307692307696 0.09134615384615384
0 0.6586538461538461 0.4579326923076923 0.055288461538461536 0.10096153846153846
0 0.40024038461538464 0.46033653846153844 0.038461538461538464 0.06971153846153846
0 0.375 0.4543269230769231 0.038461538461538464 0.07692307692307693
0 0.32091346153846156 0.47115384615384615 0.052884615384615384 0.08413461538461539
0 0.6153846153846154 0.47716346153846156 0.05048076923076923 0.07692307692307693
0 0.7019230769230769 0.4723557692307692 0.038461538461538464 0.06009615384615385
0 0.5661057692307693 0.4963942307692308 0.038461538461538464 0.06009615384615385
0 0.9038461538461539 0.46153846153846156 0.06009615384615385 0.10096153846153846
1 0.9459134615384616 0.47115384615384615 0.04326923076923077 0.07692307692307693