1 0.10576923076923077 0.78125 0.14423076923076922 0.20432692307692307
1 0.4519230769230769 0.6887019230769231 0.11538461538461539 0.17067307692307693
1 0.18028846153846154 0.3233173076923077 0.04807692307692308 0.06490384615384616
1 0.4254807692307692 0.5144230769230769 0.057692307692307696 0.07211538461538461
1 0.5168269230769231 0.34134615384615385 0.055288461538461536 0.07692307692307693
1 0.4362980769230769 0.34134615384615385 0.04567307692307692 0.055288461538461536
1 0.12740384615384615 0.2824519230769231 0.04567307692307692 0.052884615384615384
1 0.15625 0.24759615384615385 0.03365384615384615 0.055288461538461536
1 0.5504807692307693 0.3269230769230769 0.038461538461538464 0.055288461538461536
1 0.12980769230769232 0.11778846153846154 0.03365384615384615 0.04326923076923077
1 0.5024038461538461 0.23918269230769232 0.03125 0.04326923076923077
1 0.6057692307692307 0.3449519230769231 0.04807692307692308 0.06971153846153846
1 0.7620192307692307 0.33052884615384615 0.0673076923076923 0.09134615384615384